       x:          approx:          exact:          
      0.0000000      0.0000000            NAN
  0.00099900100   0.0089413199     -5.0800516
   0.0019980020    0.017783831     -5.0800516
   0.0029970030    0.026528515     -5.0800516
   0.0039960040    0.035176344     -5.0800516
   0.0049950050    0.043728282     -5.0800516
   0.0059940060    0.052185281     -5.0800516
   0.0069930070    0.060548286     -5.0800516
   0.0079920080    0.068818230     -5.0800516
   0.0089910090    0.076996039     -5.0800516
   0.0099900100    0.085082628     -5.0800516
    0.010989011    0.093078904     -5.0800516
    0.011988012     0.10098577     -5.0800516
    0.012987013     0.10880410     -5.0800516
    0.013986014     0.11653479     -5.0800516
    0.014985015     0.12417870     -5.0800516
    0.015984016     0.13173670     -5.0800516
    0.016983017     0.13920965     -5.0800516
    0.017982018     0.14659838     -5.0800516
    0.018981019     0.15390373     -5.0800516
    0.019980020     0.16112654     -5.0800516
    0.020979021     0.16826762     -5.0800516
    0.021978022     0.17532778     -5.0800516
    0.022977023     0.18230784     -5.0800516
    0.023976024     0.18920858     -5.0800516
    0.024975025     0.19603080     -5.0800516
    0.025974026     0.20277527     -5.0800516
    0.026973027     0.20944277     -5.0800516
    0.027972028     0.21603406     -5.0800516
    0.028971029     0.22254991     -5.0800516
    0.029970030     0.22899105     -5.0800516
    0.030969031     0.23535824     -5.0800516
    0.031968032     0.24165221     -5.0800516
    0.032967033     0.24787368     -5.0800516
    0.033966034     0.25402338     -5.0800516
    0.034965035     0.26010203     -5.0800516
    0.035964036     0.26611031     -5.0800516
    0.036963037     0.27204895     -5.0800516
    0.037962038     0.27791862     -5.0800516
    0.038961039     0.28372002     -5.0800516
    0.039960040     0.28945381     -5.0800516
    0.040959041     0.29512069     -5.0800516
    0.041958042     0.30072130     -5.0800516
    0.042957043     0.30625631     -5.0800516
    0.043956044     0.31172638     -5.0800516
    0.044955045     0.31713213     -5.0800516
    0.045954046     0.32247423     -5.0800516
    0.046953047     0.32775329     -5.0800516
    0.047952048     0.33296995     -5.0800516
    0.048951049     0.33812482     -5.0800516
    0.049950050     0.34321852     -5.0800516
    0.050949051     0.34825166     -5.0800516
    0.051948052     0.35322484     -5.0800516
    0.052947053     0.35813865     -5.0800516
    0.053946054     0.36299369     -5.0800516
    0.054945055     0.36779054     -5.0800516
    0.055944056     0.37252977     -5.0800516
    0.056943057     0.37721197     -5.0800516
    0.057942058     0.38183770     -5.0800516
    0.058941059     0.38640751     -5.0800516
    0.059940060     0.39092197     -5.0800516
    0.060939061     0.39538162     -5.0800516
    0.061938062     0.39978702     -5.0800516
    0.062937063     0.40413869     -5.0800516
    0.063936064     0.40843718     -5.0800516
    0.064935065     0.41268301     -5.0800516
    0.065934066     0.41687670     -5.0800516
    0.066933067     0.42101878     -5.0800516
    0.067932068     0.42510975     -5.0800516
    0.068931069     0.42915013     -5.0800516
    0.069930070     0.43314042     -5.0800516
    0.070929071     0.43708111     -5.0800516
    0.071928072     0.44097270     -5.0800516
    0.072927073     0.44481568     -5.0800516
    0.073926074     0.44861052     -5.0800516
    0.074925075     0.45235772     -5.0800516
    0.075924076     0.45605774     -5.0800516
    0.076923077     0.45971105     -5.0800516
    0.077922078     0.46331811     -5.0800516
    0.078921079     0.46687939     -5.0800516
    0.079920080     0.47039534     -5.0800516
    0.080919081     0.47386641     -5.0800516
    0.081918082     0.47729304     -5.0800516
    0.082917083     0.48067569     -5.0800516
    0.083916084     0.48401478     -5.0800516
    0.084915085     0.48731074     -5.0800516
    0.085914086     0.49056402     -5.0800516
    0.086913087     0.49377503     -5.0800516
    0.087912088     0.49694419     -5.0800516
    0.088911089     0.50007191     -5.0800516
    0.089910090     0.50315862     -5.0800516
    0.090909091     0.50620471     -5.0800516
    0.091908092     0.50921060     -5.0800516
    0.092907093     0.51217668     -5.0800516
    0.093906094     0.51510334     -5.0800516
    0.094905095     0.51799098     -5.0800516
    0.095904096     0.52083999     -5.0800516
    0.096903097     0.52365074     -5.0800516
    0.097902098     0.52642363     -5.0800516
    0.098901099     0.52915902     -5.0800516
    0.099900100     0.53185730     -5.0800516
     0.10089910     0.53451882     -5.0800516
     0.10189810     0.53714396     -5.0800516
     0.10289710     0.53973307     -5.0800516
     0.10389610     0.54228651     -5.0800516
     0.10489510     0.54480465     -5.0800516
     0.10589411     0.54728782     -5.0800516
     0.10689311     0.54973638     -5.0800516
     0.10789211     0.55215067     -5.0800516
     0.10889111     0.55453103     -5.0800516
     0.10989011     0.55687780     -5.0800516
     0.11088911     0.55919131     -5.0800516
     0.11188811     0.56147190     -5.0800516
     0.11288711     0.56371989     -5.0800516
     0.11388611     0.56593560     -5.0800516
     0.11488511     0.56811935     -5.0800516
     0.11588412     0.57027147     -5.0800516
     0.11688312     0.57239227     -5.0800516
     0.11788212     0.57448206     -5.0800516
     0.11888112     0.57654114     -5.0800516
     0.11988012     0.57856982     -5.0800516
     0.12087912     0.58056841     -5.0800516
     0.12187812     0.58253720     -5.0800516
     0.12287712     0.58447650     -5.0800516
     0.12387612     0.58638658     -5.0800516
     0.12487512     0.58826775     -5.0800516
     0.12587413     0.59012029     -5.0800516
     0.12687313     0.59194449     -5.0800516
     0.12787213     0.59374062     -5.0800516
     0.12887113     0.59550897     -5.0800516
     0.12987013     0.59724981     -5.0800516
     0.13086913     0.59896341     -5.0800516
     0.13186813     0.60065005     -5.0800516
     0.13286713     0.60231000     -5.0800516
     0.13386613     0.60394352     -5.0800516
     0.13486513     0.60555087     -5.0800516
     0.13586414     0.60713231     -5.0800516
     0.13686314     0.60868810     -5.0800516
     0.13786214     0.61021850     -5.0800516
     0.13886114     0.61172375     -5.0800516
     0.13986014     0.61320411     -5.0800516
     0.14085914     0.61465983     -5.0800516
     0.14185814     0.61609115     -5.0800516
     0.14285714     0.61749831     -5.0800516
     0.14385614     0.61888155     -5.0800516
     0.14485514     0.62024111     -5.0800516
     0.14585415     0.62157723     -5.0800516
     0.14685315     0.62289013     -5.0800516
     0.14785215     0.62418006     -5.0800516
     0.14885115     0.62544723     -5.0800516
     0.14985015     0.62669188     -5.0800516
     0.15084915     0.62791423     -5.0800516
     0.15184815     0.62911449     -5.0800516
     0.15284715     0.63029290     -5.0800516
     0.15384615     0.63144966     -5.0800516
     0.15484515     0.63258499     -5.0800516
     0.15584416     0.63369911     -5.0800516
     0.15684316     0.63479222     -5.0800516
     0.15784216     0.63586454     -5.0800516
     0.15884116     0.63691627     -5.0800516
     0.15984016     0.63794761     -5.0800516
     0.16083916     0.63895877     -5.0800516
     0.16183816     0.63994995     -5.0800516
     0.16283716     0.64092135     -5.0800516
     0.16383616     0.64187316     -5.0800516
     0.16483516     0.64280558     -5.0800516
     0.16583417     0.64371881     -5.0800516
     0.16683317     0.64461302     -5.0800516
     0.16783217     0.64548842     -5.0800516
     0.16883117     0.64634518     -5.0800516
     0.16983017     0.64718350     -5.0800516
     0.17082917     0.64800356     -5.0800516
     0.17182817     0.64880553     -5.0800516
     0.17282717     0.64958960     -5.0800516
     0.17382617     0.65035595     -5.0800516
     0.17482517     0.65110475     -5.0800516
     0.17582418     0.65183618     -5.0800516
     0.17682318     0.65255041     -5.0800516
     0.17782218     0.65324761     -5.0800516
     0.17882118     0.65392794     -5.0800516
     0.17982018     0.65459159     -5.0800516
     0.18081918     0.65523871     -5.0800516
     0.18181818     0.65586946     -5.0800516
     0.18281718     0.65648402     -5.0800516
     0.18381618     0.65708253     -5.0800516
     0.18481518     0.65766517     -5.0800516
     0.18581419     0.65823209     -5.0800516
     0.18681319     0.65878344     -5.0800516
     0.18781219     0.65931938     -5.0800516
     0.18881119     0.65984006     -5.0800516
     0.18981019     0.66034564     -5.0800516
     0.19080919     0.66083626     -5.0800516
     0.19180819     0.66131208     -5.0800516
     0.19280719     0.66177324     -5.0800516
     0.19380619     0.66221988     -5.0800516
     0.19480519     0.66265215     -5.0800516
     0.19580420     0.66307020     -5.0800516
     0.19680320     0.66347416     -5.0800516
     0.19780220     0.66386417     -5.0800516
     0.19880120     0.66424038     -5.0800516
     0.19980020     0.66460292     -5.0800516
     0.20079920     0.66495192     -5.0800516
     0.20179820     0.66528753     -5.0800516
     0.20279720     0.66560987     -5.0800516
     0.20379620     0.66591907     -5.0800516
     0.20479520     0.66621528     -5.0800516
     0.20579421     0.66649860     -5.0800516
     0.20679321     0.66676919     -5.0800516
     0.20779221     0.66702715     -5.0800516
     0.20879121     0.66727262     -5.0800516
     0.20979021     0.66750572     -5.0800516
     0.21078921     0.66772657     -5.0800516
     0.21178821     0.66793529     -5.0800516
     0.21278721     0.66813201     -5.0800516
     0.21378621     0.66831685     -5.0800516
     0.21478521     0.66848992     -5.0800516
     0.21578422     0.66865134     -5.0800516
     0.21678322     0.66880122     -5.0800516
     0.21778222     0.66893969     -5.0800516
     0.21878122     0.66906684     -5.0800516
     0.21978022     0.66918281     -5.0800516
     0.22077922     0.66928769     -5.0800516
     0.22177822     0.66938160     -5.0800516
     0.22277722     0.66946465     -5.0800516
     0.22377622     0.66953694     -5.0800516
     0.22477522     0.66959858     -5.0800516
     0.22577423     0.66964968     -5.0800516
     0.22677323     0.66969034     -5.0800516
     0.22777223     0.66972067     -5.0800516
     0.22877123     0.66974076     -5.0800516
     0.22977023     0.66975073     -5.0800516
     0.23076923     0.66975067     -5.0800516
     0.23176823     0.66974067     -5.0800516
     0.23276723     0.66972085     -5.0800516
     0.23376623     0.66969130     -5.0800516
     0.23476523     0.66965210     -5.0800516
     0.23576424     0.66960337     -5.0800516
     0.23676324     0.66954520     -5.0800516
     0.23776224     0.66947767     -5.0800516
     0.23876124     0.66940088     -5.0800516
     0.23976024     0.66931493     -5.0800516
     0.24075924     0.66921990     -5.0800516
     0.24175824     0.66911588     -5.0800516
     0.24275724     0.66900297     -5.0800516
     0.24375624     0.66888125     -5.0800516
     0.24475524     0.66875081     -5.0800516
     0.24575425     0.66861174     -5.0800516
     0.24675325     0.66846412     -5.0800516
     0.24775225     0.66830804     -5.0800516
     0.24875125     0.66814358     -5.0800516
     0.24975025     0.66797083     -5.0800516
     0.25074925     0.66778986     -5.0800516
     0.25174825     0.66760076     -5.0800516
     0.25274725     0.66740361     -5.0800516
     0.25374625     0.66719849     -5.0800516
     0.25474525     0.66698548     -5.0800516
     0.25574426     0.66676466     -5.0800516
     0.25674326     0.66653610     -5.0800516
     0.25774226     0.66629989     -5.0800516
     0.25874126     0.66605609     -5.0800516
     0.25974026     0.66580479     -5.0800516
     0.26073926     0.66554605     -5.0800516
     0.26173826     0.66527996     -5.0800516
     0.26273726     0.66500658     -5.0800516
     0.26373626     0.66472599     -5.0800516
     0.26473526     0.66443825     -5.0800516
     0.26573427     0.66414345     -5.0800516
     0.26673327     0.66384165     -5.0800516
     0.26773227     0.66353292     -5.0800516
     0.26873127     0.66321733     -5.0800516
     0.26973027     0.66289494     -5.0800516
     0.27072927     0.66256583     -5.0800516
     0.27172827     0.66223007     -5.0800516
     0.27272727     0.66188771     -5.0800516
     0.27372627     0.66153882     -5.0800516
     0.27472527     0.66118347     -5.0800516
     0.27572428     0.66082172     -5.0800516
     0.27672328     0.66045364     -5.0800516
     0.27772228     0.66007929     -5.0800516
     0.27872128     0.65969873     -5.0800516
     0.27972028     0.65931202     -5.0800516
     0.28071928     0.65891923     -5.0800516
     0.28171828     0.65852041     -5.0800516
     0.28271728     0.65811562     -5.0800516
     0.28371628     0.65770493     -5.0800516
     0.28471528     0.65728839     -5.0800516
     0.28571429     0.65686607     -5.0800516
     0.28671329     0.65643801     -5.0800516
     0.28771229     0.65600427     -5.0800516
     0.28871129     0.65556492     -5.0800516
     0.28971029     0.65512000     -5.0800516
     0.29070929     0.65466958     -5.0800516
     0.29170829     0.65421371     -5.0800516
     0.29270729     0.65375243     -5.0800516
     0.29370629     0.65328581     -5.0800516
     0.29470529     0.65281390     -5.0800516
     0.29570430     0.65233675     -5.0800516
     0.29670330     0.65185442     -5.0800516
     0.29770230     0.65136695     -5.0800516
     0.29870130     0.65087439     -5.0800516
     0.29970030     0.65037680     -5.0800516
     0.30069930     0.64987423     -5.0800516
     0.30169830     0.64936672     -5.0800516
     0.30269730     0.64885433     -5.0800516
     0.30369630     0.64833710     -5.0800516
     0.30469530     0.64781508     -5.0800516
     0.30569431     0.64728833     -5.0800516
     0.30669331     0.64675687     -5.0800516
     0.30769231     0.64622077     -5.0800516
     0.30869131     0.64568007     -5.0800516
     0.30969031     0.64513482     -5.0800516
     0.31068931     0.64458505     -5.0800516
     0.31168831     0.64403082     -5.0800516
     0.31268731     0.64347217     -5.0800516
     0.31368631     0.64290914     -5.0800516
     0.31468531     0.64234178     -5.0800516
     0.31568432     0.64177013     -5.0800516
     0.31668332     0.64119423     -5.0800516
     0.31768232     0.64061413     -5.0800516
     0.31868132     0.64002986     -5.0800516
     0.31968032     0.63944147     -5.0800516
     0.32067932     0.63884900     -5.0800516
     0.32167832     0.63825249     -5.0800516
     0.32267732     0.63765198     -5.0800516
     0.32367632     0.63704751     -5.0800516
     0.32467532     0.63643911     -5.0800516
     0.32567433     0.63582684     -5.0800516
     0.32667333     0.63521072     -5.0800516
     0.32767233     0.63459079     -5.0800516
     0.32867133     0.63396710     -5.0800516
     0.32967033     0.63333968     -5.0800516
     0.33066933     0.63270856     -5.0800516
     0.33166833     0.63207379     -5.0800516
     0.33266733     0.63143540     -5.0800516
     0.33366633     0.63079342     -5.0800516
     0.33466533     0.63014789     -5.0800516
     0.33566434     0.62949885     -5.0800516
     0.33666334     0.62884634     -5.0800516
     0.33766234     0.62819038     -5.0800516
     0.33866134     0.62753101     -5.0800516
     0.33966034     0.62686826     -5.0800516
     0.34065934     0.62620218     -5.0800516
     0.34165834     0.62553278     -5.0800516
     0.34265734     0.62486011     -5.0800516
     0.34365634     0.62418419     -5.0800516
     0.34465534     0.62350506     -5.0800516
     0.34565435     0.62282276     -5.0800516
     0.34665335     0.62213731     -5.0800516
     0.34765235     0.62144874     -5.0800516
     0.34865135     0.62075708     -5.0800516
     0.34965035     0.62006237     -5.0800516
     0.35064935     0.61936464     -5.0800516
     0.35164835     0.61866391     -5.0800516
     0.35264735     0.61796022     -5.0800516
     0.35364635     0.61725359     -5.0800516
     0.35464535     0.61654406     -5.0800516
     0.35564436     0.61583164     -5.0800516
     0.35664336     0.61511639     -5.0800516
     0.35764236     0.61439831     -5.0800516
     0.35864136     0.61367744     -5.0800516
     0.35964036     0.61295380     -5.0800516
     0.36063936     0.61222743     -5.0800516
     0.36163836     0.61149835     -5.0800516
     0.36263736     0.61076658     -5.0800516
     0.36363636     0.61003216     -5.0800516
     0.36463536     0.60929512     -5.0800516
     0.36563437     0.60855546     -5.0800516
     0.36663337     0.60781323     -5.0800516
     0.36763237     0.60706845     -5.0800516
     0.36863137     0.60632114     -5.0800516
     0.36963037     0.60557133     -5.0800516
     0.37062937     0.60481904     -5.0800516
     0.37162837     0.60406430     -5.0800516
     0.37262737     0.60330714     -5.0800516
     0.37362637     0.60254757     -5.0800516
     0.37462537     0.60178562     -5.0800516
     0.37562438     0.60102131     -5.0800516
     0.37662338     0.60025468     -5.0800516
     0.37762238     0.59948573     -5.0800516
     0.37862138     0.59871449     -5.0800516
     0.37962038     0.59794100     -5.0800516
     0.38061938     0.59716526     -5.0800516
     0.38161838     0.59638730     -5.0800516
     0.38261738     0.59560715     -5.0800516
     0.38361638     0.59482482     -5.0800516
     0.38461538     0.59404034     -5.0800516
     0.38561439     0.59325372     -5.0800516
     0.38661339     0.59246500     -5.0800516
     0.38761239     0.59167418     -5.0800516
     0.38861139     0.59088130     -5.0800516
     0.38961039     0.59008637     -5.0800516
     0.39060939     0.58928941     -5.0800516
     0.39160839     0.58849044     -5.0800516
     0.39260739     0.58768949     -5.0800516
     0.39360639     0.58688656     -5.0800516
     0.39460539     0.58608169     -5.0800516
     0.39560440     0.58527489     -5.0800516
     0.39660340     0.58446617     -5.0800516
     0.39760240     0.58365557     -5.0800516
     0.39860140     0.58284310     -5.0800516
     0.39960040     0.58202877     -5.0800516
     0.40059940     0.58121260     -5.0800516
     0.40159840     0.58039462     -5.0800516
     0.40259740     0.57957484     -5.0800516
     0.40359640     0.57875328     -5.0800516
     0.40459540     0.57792996     -5.0800516
     0.40559441     0.57710489     -5.0800516
     0.40659341     0.57627809     -5.0800516
     0.40759241     0.57544958     -5.0800516
     0.40859141     0.57461937     -5.0800516
     0.40959041     0.57378749     -5.0800516
     0.41058941     0.57295395     -5.0800516
     0.41158841     0.57211876     -5.0800516
     0.41258741     0.57128195     -5.0800516
     0.41358641     0.57044352     -5.0800516
     0.41458541     0.56960350     -5.0800516
     0.41558442     0.56876190     -5.0800516
     0.41658342     0.56791873     -5.0800516
     0.41758242     0.56707402     -5.0800516
     0.41858142     0.56622777     -5.0800516
     0.41958042     0.56538000     -5.0800516
     0.42057942     0.56453073     -5.0800516
     0.42157842     0.56367998     -5.0800516
     0.42257742     0.56282775     -5.0800516
     0.42357642     0.56197406     -5.0800516
     0.42457542     0.56111893     -5.0800516
     0.42557443     0.56026236     -5.0800516
     0.42657343     0.55940439     -5.0800516
     0.42757243     0.55854501     -5.0800516
     0.42857143     0.55768424     -5.0800516
     0.42957043     0.55682210     -5.0800516
     0.43056943     0.55595860     -5.0800516
     0.43156843     0.55509376     -5.0800516
     0.43256743     0.55422758     -5.0800516
     0.43356643     0.55336008     -5.0800516
     0.43456543     0.55249127     -5.0800516
     0.43556444     0.55162117     -5.0800516
     0.43656344     0.55074979     -5.0800516
     0.43756244     0.54987714     -5.0800516
     0.43856144     0.54900324     -5.0800516
     0.43956044     0.54812809     -5.0800516
     0.44055944     0.54725171     -5.0800516
     0.44155844     0.54637412     -5.0800516
     0.44255744     0.54549531     -5.0800516
     0.44355644     0.54461532     -5.0800516
     0.44455544     0.54373414     -5.0800516
     0.44555445     0.54285179     -5.0800516
     0.44655345     0.54196828     -5.0800516
     0.44755245     0.54108362     -5.0800516
     0.44855145     0.54019783     -5.0800516
     0.44955045     0.53931091     -5.0800516
     0.45054945     0.53842288     -5.0800516
     0.45154845     0.53753374     -5.0800516
     0.45254745     0.53664352     -5.0800516
     0.45354645     0.53575221     -5.0800516
     0.45454545     0.53485984     -5.0800516
     0.45554446     0.53396640     -5.0800516
     0.45654346     0.53307191     -5.0800516
     0.45754246     0.53217639     -5.0800516
     0.45854146     0.53127984     -5.0800516
     0.45954046     0.53038227     -5.0800516
     0.46053946     0.52948369     -5.0800516
     0.46153846     0.52858412     -5.0800516
     0.46253746     0.52768355     -5.0800516
     0.46353646     0.52678201     -5.0800516
     0.46453546     0.52587950     -5.0800516
     0.46553447     0.52497603     -5.0800516
     0.46653347     0.52407162     -5.0800516
     0.46753247     0.52316626     -5.0800516
     0.46853147     0.52225997     -5.0800516
     0.46953047     0.52135276     -5.0800516
     0.47052947     0.52044464     -5.0800516
     0.47152847     0.51953562     -5.0800516
     0.47252747     0.51862570     -5.0800516
     0.47352647     0.51771490     -5.0800516
     0.47452547     0.51680322     -5.0800516
     0.47552448     0.51589068     -5.0800516
     0.47652348     0.51497727     -5.0800516
     0.47752248     0.51406301     -5.0800516
     0.47852148     0.51314792     -5.0800516
     0.47952048     0.51223199     -5.0800516
     0.48051948     0.51131523     -5.0800516
     0.48151848     0.51039766     -5.0800516
     0.48251748     0.50947927     -5.0800516
     0.48351648     0.50856009     -5.0800516
     0.48451548     0.50764011     -5.0800516
     0.48551449     0.50671935     -5.0800516
     0.48651349     0.50579781     -5.0800516
     0.48751249     0.50487550     -5.0800516
     0.48851149     0.50395243     -5.0800516
     0.48951049     0.50302861     -5.0800516
     0.49050949     0.50210404     -5.0800516
     0.49150849     0.50117873     -5.0800516
     0.49250749     0.50025269     -5.0800516
     0.49350649     0.49932592     -5.0800516
     0.49450549     0.49839843     -5.0800516
     0.49550450     0.49747024     -5.0800516
     0.49650350     0.49654134     -5.0800516
     0.49750250     0.49561174     -5.0800516
     0.49850150     0.49468146     -5.0800516
     0.49950050     0.49375049     -5.0800516
     0.50049950     0.49281885     -5.0800516
     0.50149850     0.49188653     -5.0800516
     0.50249750     0.49095356     -5.0800516
     0.50349650     0.49001993     -5.0800516
     0.50449550     0.48908565     -5.0800516
     0.50549451     0.48815073     -5.0800516
     0.50649351     0.48721517     -5.0800516
     0.50749251     0.48627898     -5.0800516
     0.50849151     0.48534216     -5.0800516
     0.50949051     0.48440473     -5.0800516
     0.51048951     0.48346669     -5.0800516
     0.51148851     0.48252804     -5.0800516
     0.51248751     0.48158879     -5.0800516
     0.51348651     0.48064895     -5.0800516
     0.51448551     0.47970852     -5.0800516
     0.51548452     0.47876751     -5.0800516
     0.51648352     0.47782593     -5.0800516
     0.51748252     0.47688377     -5.0800516
     0.51848152     0.47594105     -5.0800516
     0.51948052     0.47499777     -5.0800516
     0.52047952     0.47405393     -5.0800516
     0.52147852     0.47310955     -5.0800516
     0.52247752     0.47216463     -5.0800516
     0.52347652     0.47121917     -5.0800516
     0.52447552     0.47027317     -5.0800516
     0.52547453     0.46932665     -5.0800516
     0.52647353     0.46837961     -5.0800516
     0.52747253     0.46743206     -5.0800516
     0.52847153     0.46648399     -5.0800516
     0.52947053     0.46553542     -5.0800516
     0.53046953     0.46458634     -5.0800516
     0.53146853     0.46363677     -5.0800516
     0.53246753     0.46268671     -5.0800516
     0.53346653     0.46173616     -5.0800516
     0.53446553     0.46078513     -5.0800515
     0.53546454     0.45983363     -5.0800515
     0.53646354     0.45888165     -5.0800515
     0.53746254     0.45792921     -5.0800515
     0.53846154     0.45697630     -5.0800515
     0.53946054     0.45602294     -5.0800515
     0.54045954     0.45506912     -5.0800515
     0.54145854     0.45411486     -5.0800515
     0.54245754     0.45316015     -5.0800515
     0.54345654     0.45220500     -5.0800516
     0.54445554     0.45124941     -5.0800516
     0.54545455     0.45029340     -5.0800516
     0.54645355     0.44933695     -5.0800516
     0.54745255     0.44838009     -5.0800516
     0.54845155     0.44742281     -5.0800516
     0.54945055     0.44646511     -5.0800516
     0.55044955     0.44550700     -5.0800516
     0.55144855     0.44454849     -5.0800516
     0.55244755     0.44358957     -5.0800516
     0.55344655     0.44263025     -5.0800516
     0.55444555     0.44167055     -5.0800516
     0.55544456     0.44071045     -5.0800516
     0.55644356     0.43974996     -5.0800516
     0.55744256     0.43878910     -5.0800516
     0.55844156     0.43782785     -5.0800516
     0.55944056     0.43686623     -5.0800516
     0.56043956     0.43590424     -5.0800516
     0.56143856     0.43494188     -5.0800516
     0.56243756     0.43397916     -5.0800516
     0.56343656     0.43301607     -5.0800516
     0.56443556     0.43205263     -5.0800516
     0.56543457     0.43108884     -5.0800516
     0.56643357     0.43012470     -5.0800516
     0.56743257     0.42916021     -5.0800516
     0.56843157     0.42819538     -5.0800516
     0.56943057     0.42723021     -5.0800516
     0.57042957     0.42626470     -5.0800516
     0.57142857     0.42529887     -5.0800516
     0.57242757     0.42433270     -5.0800516
     0.57342657     0.42336620     -5.0800516
     0.57442557     0.42239939     -5.0800516
     0.57542458     0.42143225     -5.0800516
     0.57642358     0.42046480     -5.0800516
     0.57742258     0.41949704     -5.0800516
     0.57842158     0.41852896     -5.0800516
     0.57942058     0.41756058     -5.0800516
     0.58041958     0.41659189     -5.0800516
     0.58141858     0.41562291     -5.0800516
     0.58241758     0.41465362     -5.0800516
     0.58341658     0.41368404     -5.0800516
     0.58441558     0.41271417     -5.0800516
     0.58541459     0.41174401     -5.0800516
     0.58641359     0.41077356     -5.0800516
     0.58741259     0.40980283     -5.0800516
     0.58841159     0.40883182     -5.0800516
     0.58941059     0.40786053     -5.0800516
     0.59040959     0.40688897     -5.0800516
     0.59140859     0.40591713     -5.0800516
     0.59240759     0.40494503     -5.0800516
     0.59340659     0.40397265     -5.0800516
     0.59440559     0.40300002     -5.0800516
     0.59540460     0.40202712     -5.0800516
     0.59640360     0.40105396     -5.0800516
     0.59740260     0.40008055     -5.0800516
     0.59840160     0.39910688     -5.0800516
     0.59940060     0.39813296     -5.0800516
     0.60039960     0.39715879     -5.0800516
     0.60139860     0.39618438     -5.0800516
     0.60239760     0.39520972     -5.0800516
     0.60339660     0.39423482     -5.0800516
     0.60439560     0.39325968     -5.0800516
     0.60539461     0.39228430     -5.0800516
     0.60639361     0.39130869     -5.0800516
     0.60739261     0.39033285     -5.0800516
     0.60839161     0.38935678     -5.0800516
     0.60939061     0.38838048     -5.0800516
     0.61038961     0.38740395     -5.0800516
     0.61138861     0.38642721     -5.0800516
     0.61238761     0.38545024     -5.0800516
     0.61338661     0.38447305     -5.0800516
     0.61438561     0.38349565     -5.0800516
     0.61538462     0.38251803     -5.0800516
     0.61638362     0.38154020     -5.0800516
     0.61738262     0.38056216     -5.0800516
     0.61838162     0.37958391     -5.0800516
     0.61938062     0.37860546     -5.0800516
     0.62037962     0.37762680     -5.0800516
     0.62137862     0.37664794     -5.0800516
     0.62237762     0.37566889     -5.0800516
     0.62337662     0.37468963     -5.0800516
     0.62437562     0.37371018     -5.0800516
     0.62537463     0.37273053     -5.0800516
     0.62637363     0.37175069     -5.0800516
     0.62737263     0.37077066     -5.0800516
     0.62837163     0.36979045     -5.0800516
     0.62937063     0.36881005     -5.0800516
     0.63036963     0.36782946     -5.0800516
     0.63136863     0.36684869     -5.0800516
     0.63236763     0.36586774     -5.0800516
     0.63336663     0.36488661     -5.0800516
     0.63436563     0.36390530     -5.0800516
     0.63536464     0.36292382     -5.0800516
     0.63636364     0.36194216     -5.0800516
     0.63736264     0.36096034     -5.0800516
     0.63836164     0.35997834     -5.0800516
     0.63936064     0.35899617     -5.0800516
     0.64035964     0.35801384     -5.0800516
     0.64135864     0.35703134     -5.0800516
     0.64235764     0.35604868     -5.0800516
     0.64335664     0.35506585     -5.0800516
     0.64435564     0.35408287     -5.0800516
     0.64535465     0.35309973     -5.0800516
     0.64635365     0.35211643     -5.0800516
     0.64735265     0.35113297     -5.0800516
     0.64835165     0.35014936     -5.0800516
     0.64935065     0.34916560     -5.0800516
     0.65034965     0.34818168     -5.0800516
     0.65134865     0.34719762     -5.0800516
     0.65234765     0.34621341     -5.0800516
     0.65334665     0.34522905     -5.0800516
     0.65434565     0.34424455     -5.0800516
     0.65534466     0.34325990     -5.0800516
     0.65634366     0.34227511     -5.0800516
     0.65734266     0.34129018     -5.0800516
     0.65834166     0.34030511     -5.0800516
     0.65934066     0.33931991     -5.0800516
     0.66033966     0.33833456     -5.0800516
     0.66133866     0.33734908     -5.0800516
     0.66233766     0.33636347     -5.0800516
     0.66333666     0.33537773     -5.0800516
     0.66433566     0.33439185     -5.0800516
     0.66533467     0.33340584     -5.0800516
     0.66633367     0.33241971     -5.0800516
     0.66733267     0.33143344     -5.0800516
     0.66833167     0.33044705     -5.0800516
     0.66933067     0.32946054     -5.0800516
     0.67032967     0.32847390     -5.0800516
     0.67132867     0.32748714     -5.0800516
     0.67232767     0.32650026     -5.0800516
     0.67332667     0.32551326     -5.0800516
     0.67432567     0.32452614     -5.0800516
     0.67532468     0.32353890     -5.0800516
     0.67632368     0.32255155     -5.0800516
     0.67732268     0.32156408     -5.0800516
     0.67832168     0.32057649     -5.0800516
     0.67932068     0.31958879     -5.0800516
     0.68031968     0.31860099     -5.0800516
     0.68131868     0.31761307     -5.0800516
     0.68231768     0.31662504     -5.0800516
     0.68331668     0.31563690     -5.0800516
     0.68431568     0.31464865     -5.0800516
     0.68531469     0.31366030     -5.0800516
     0.68631369     0.31267184     -5.0800516
     0.68731269     0.31168328     -5.0800516
     0.68831169     0.31069462     -5.0800516
     0.68931069     0.30970585     -5.0800516
     0.69030969     0.30871698     -5.0800516
     0.69130869     0.30772801     -5.0800516
     0.69230769     0.30673894     -5.0800516
     0.69330669     0.30574978     -5.0800516
     0.69430569     0.30476051     -5.0800516
     0.69530470     0.30377115     -5.0800516
     0.69630370     0.30278170     -5.0800516
     0.69730270     0.30179215     -5.0800516
     0.69830170     0.30080250     -5.0800516
     0.69930070     0.29981277     -5.0800516
     0.70029970     0.29882294     -5.0800516
     0.70129870     0.29783302     -5.0800516
     0.70229770     0.29684301     -5.0800516
     0.70329670     0.29585292     -5.0800516
     0.70429570     0.29486273     -5.0800516
     0.70529471     0.29387246     -5.0800516
     0.70629371     0.29288210     -5.0800516
     0.70729271     0.29189166     -5.0800516
     0.70829171     0.29090113     -5.0800516
     0.70929071     0.28991051     -5.0800516
     0.71028971     0.28891982     -5.0800516
     0.71128871     0.28792904     -5.0800516
     0.71228771     0.28693818     -5.0800516
     0.71328671     0.28594724     -5.0800516
     0.71428571     0.28495622     -5.0800516
     0.71528472     0.28396513     -5.0800516
     0.71628372     0.28297395     -5.0800516
     0.71728272     0.28198270     -5.0800516
     0.71828172     0.28099137     -5.0800516
     0.71928072     0.27999996     -5.0800516
     0.72027972     0.27900848     -5.0800516
     0.72127872     0.27801692     -5.0800516
     0.72227772     0.27702530     -5.0800516
     0.72327672     0.27603359     -5.0800516
     0.72427572     0.27504182     -5.0800516
     0.72527473     0.27404998     -5.0800516
     0.72627373     0.27305806     -5.0800516
     0.72727273     0.27206607     -5.0800516
     0.72827173     0.27107402     -5.0800516
     0.72927073     0.27008190     -5.0800516
     0.73026973     0.26908970     -5.0800516
     0.73126873     0.26809745     -5.0800516
     0.73226773     0.26710512     -5.0800516
     0.73326673     0.26611273     -5.0800516
     0.73426573     0.26512027     -5.0800516
     0.73526474     0.26412775     -5.0800516
     0.73626374     0.26313517     -5.0800516
     0.73726274     0.26214252     -5.0800516
     0.73826174     0.26114981     -5.0800516
     0.73926074     0.26015703     -5.0800516
     0.74025974     0.25916420     -5.0800516
     0.74125874     0.25817130     -5.0800516
     0.74225774     0.25717835     -5.0800516
     0.74325674     0.25618533     -5.0800516
     0.74425574     0.25519226     -5.0800516
     0.74525475     0.25419913     -5.0800516
     0.74625375     0.25320594     -5.0800516
     0.74725275     0.25221269     -5.0800516
     0.74825175     0.25121938     -5.0800516
     0.74925075     0.25022602     -5.0800516
     0.75024975     0.24923261     -5.0800516
     0.75124875     0.24823913     -5.0800516
     0.75224775     0.24724561     -5.0800516
     0.75324675     0.24625203     -5.0800516
     0.75424575     0.24525840     -5.0800516
     0.75524476     0.24426471     -5.0800516
     0.75624376     0.24327097     -5.0800516
     0.75724276     0.24227718     -5.0800516
     0.75824176     0.24128334     -5.0800516
     0.75924076     0.24028944     -5.0800516
     0.76023976     0.23929550     -5.0800516
     0.76123876     0.23830151     -5.0800516
     0.76223776     0.23730747     -5.0800516
     0.76323676     0.23631338     -5.0800516
     0.76423576     0.23531924     -5.0800516
     0.76523477     0.23432505     -5.0800516
     0.76623377     0.23333081     -5.0800516
     0.76723277     0.23233653     -5.0800516
     0.76823177     0.23134220     -5.0800516
     0.76923077     0.23034783     -5.0800516
     0.77022977     0.22935341     -5.0800516
     0.77122877     0.22835895     -5.0800516
     0.77222777     0.22736444     -5.0800516
     0.77322677     0.22636988     -5.0800516
     0.77422577     0.22537529     -5.0800516
     0.77522478     0.22438064     -5.0800516
     0.77622378     0.22338596     -5.0800516
     0.77722278     0.22239123     -5.0800516
     0.77822178     0.22139647     -5.0800516
     0.77922078     0.22040166     -5.0800516
     0.78021978     0.21940681     -5.0800516
     0.78121878     0.21841191     -5.0800516
     0.78221778     0.21741698     -5.0800516
     0.78321678     0.21642201     -5.0800516
     0.78421578     0.21542700     -5.0800516
     0.78521479     0.21443195     -5.0800516
     0.78621379     0.21343686     -5.0800516
     0.78721279     0.21244173     -5.0800516
     0.78821179     0.21144656     -5.0800516
     0.78921079     0.21045136     -5.0800516
     0.79020979     0.20945612     -5.0800516
     0.79120879     0.20846084     -5.0800516
     0.79220779     0.20746553     -5.0800516
     0.79320679     0.20647018     -5.0800516
     0.79420579     0.20547479     -5.0800516
     0.79520480     0.20447937     -5.0800516
     0.79620380     0.20348391     -5.0800516
     0.79720280     0.20248842     -5.0800516
     0.79820180     0.20149289     -5.0800516
     0.79920080     0.20049733     -5.0800516
     0.80019980     0.19950174     -5.0800516
     0.80119880     0.19850611     -5.0800516
     0.80219780     0.19751045     -5.0800516
     0.80319680     0.19651475     -5.0800516
     0.80419580     0.19551903     -5.0800516
     0.80519481     0.19452327     -5.0800516
     0.80619381     0.19352748     -5.0800516
     0.80719281     0.19253166     -5.0800516
     0.80819181     0.19153581     -5.0800516
     0.80919081     0.19053992     -5.0800516
     0.81018981     0.18954401     -5.0800516
     0.81118881     0.18854806     -5.0800516
     0.81218781     0.18755209     -5.0800516
     0.81318681     0.18655609     -5.0800516
     0.81418581     0.18556005     -5.0800516
     0.81518482     0.18456399     -5.0800516
     0.81618382     0.18356790     -5.0800516
     0.81718282     0.18257178     -5.0800516
     0.81818182     0.18157563     -5.0800516
     0.81918082     0.18057946     -5.0800516
     0.82017982     0.17958326     -5.0800516
     0.82117882     0.17858703     -5.0800516
     0.82217782     0.17759077     -5.0800516
     0.82317682     0.17659448     -5.0800516
     0.82417582     0.17559817     -5.0800516
     0.82517483     0.17460184     -5.0800516
     0.82617383     0.17360547     -5.0800516
     0.82717283     0.17260908     -5.0800516
     0.82817183     0.17161267     -5.0800516
     0.82917083     0.17061623     -5.0800516
     0.83016983     0.16961976     -5.0800516
     0.83116883     0.16862327     -5.0800516
     0.83216783     0.16762676     -5.0800516
     0.83316683     0.16663022     -5.0800516
     0.83416583     0.16563366     -5.0800516
     0.83516484     0.16463707     -5.0800516
     0.83616384     0.16364046     -5.0800516
     0.83716284     0.16264383     -5.0800516
     0.83816184     0.16164718     -5.0800516
     0.83916084     0.16065050     -5.0800516
     0.84015984     0.15965379     -5.0800516
     0.84115884     0.15865707     -5.0800516
     0.84215784     0.15766032     -5.0800516
     0.84315684     0.15666356     -5.0800516
     0.84415584     0.15566677     -5.0800516
     0.84515485     0.15466996     -5.0800516
     0.84615385     0.15367312     -5.0800516
     0.84715285     0.15267627     -5.0800516
     0.84815185     0.15167939     -5.0800516
     0.84915085     0.15068250     -5.0800516
     0.85014985     0.14968558     -5.0800516
     0.85114885     0.14868865     -5.0800516
     0.85214785     0.14769169     -5.0800516
     0.85314685     0.14669471     -5.0800516
     0.85414585     0.14569772     -5.0800516
     0.85514486     0.14470070     -5.0800516
     0.85614386     0.14370367     -5.0800516
     0.85714286     0.14270662     -5.0800516
     0.85814186     0.14170954     -5.0800516
     0.85914086     0.14071245     -5.0800516
     0.86013986     0.13971534     -5.0800516
     0.86113886     0.13871821     -5.0800516
     0.86213786     0.13772107     -5.0800516
     0.86313686     0.13672390     -5.0800516
     0.86413586     0.13572672     -5.0800516
     0.86513487     0.13472952     -5.0800516
     0.86613387     0.13373230     -5.0800516
     0.86713287     0.13273507     -5.0800516
     0.86813187     0.13173782     -5.0800516
     0.86913087     0.13074055     -5.0800516
     0.87012987     0.12974326     -5.0800516
     0.87112887     0.12874596     -5.0800516
     0.87212787     0.12774864     -5.0800516
     0.87312687     0.12675131     -5.0800516
     0.87412587     0.12575396     -5.0800516
     0.87512488     0.12475659     -5.0800516
     0.87612388     0.12375921     -5.0800516
     0.87712288     0.12276181     -5.0800516
     0.87812188     0.12176440     -5.0800516
     0.87912088     0.12076697     -5.0800516
     0.88011988     0.11976952     -5.0800516
     0.88111888     0.11877207     -5.0800516
     0.88211788     0.11777459     -5.0800516
     0.88311688     0.11677710     -5.0800516
     0.88411588     0.11577960     -5.0800516
     0.88511489     0.11478208     -5.0800516
     0.88611389     0.11378455     -5.0800516
     0.88711289     0.11278700     -5.0800516
     0.88811189     0.11178944     -5.0800516
     0.88911089     0.11079187     -5.0800516
     0.89010989     0.10979428     -5.0800516
     0.89110889     0.10879668     -5.0800516
     0.89210789     0.10779907     -5.0800516
     0.89310689     0.10680144     -5.0800516
     0.89410589     0.10580380     -5.0800516
     0.89510490     0.10480614     -5.0800516
     0.89610390     0.10380847     -5.0800516
     0.89710290     0.10281079     -5.0800516
     0.89810190     0.10181310     -5.0800516
     0.89910090     0.10081540     -5.0800516
     0.90009990    0.099817678     -5.0800516
     0.90109890    0.098819948     -5.0800516
     0.90209790    0.097822205     -5.0800516
     0.90309690    0.096824451     -5.0800516
     0.90409590    0.095826685     -5.0800516
     0.90509491    0.094828906     -5.0800516
     0.90609391    0.093831117     -5.0800516
     0.90709291    0.092833315     -5.0800516
     0.90809191    0.091835502     -5.0800516
     0.90909091    0.090837678     -5.0800516
     0.91008991    0.089839842     -5.0800516
     0.91108891    0.088841996     -5.0800516
     0.91208791    0.087844138     -5.0800516
     0.91308691    0.086846270     -5.0800516
     0.91408591    0.085848390     -5.0800516
     0.91508492    0.084850500     -5.0800516
     0.91608392    0.083852599     -5.0800516
     0.91708292    0.082854688     -5.0800516
     0.91808192    0.081856767     -5.0800516
     0.91908092    0.080858835     -5.0800516
     0.92007992    0.079860893     -5.0800516
     0.92107892    0.078862941     -5.0800516
     0.92207792    0.077864979     -5.0800516
     0.92307692    0.076867007     -5.0800516
     0.92407592    0.075869025     -5.0800516
     0.92507493    0.074871034     -5.0800516
     0.92607393    0.073873033     -5.0800516
     0.92707293    0.072875022     -5.0800516
     0.92807193    0.071877002     -5.0800516
     0.92907093    0.070878973     -5.0800516
     0.93006993    0.069880935     -5.0800516
     0.93106893    0.068882887     -5.0800516
     0.93206793    0.067884831     -5.0800516
     0.93306693    0.066886765     -5.0800516
     0.93406593    0.065888691     -5.0800516
     0.93506494    0.064890608     -5.0800516
     0.93606394    0.063892516     -5.0800516
     0.93706294    0.062894416     -5.0800516
     0.93806194    0.061896307     -5.0800516
     0.93906094    0.060898190     -5.0800516
     0.94005994    0.059900064     -5.0800516
     0.94105894    0.058901930     -5.0800516
     0.94205794    0.057903788     -5.0800516
     0.94305694    0.056905638     -5.0800516
     0.94405594    0.055907480     -5.0800516
     0.94505495    0.054909314     -5.0800516
     0.94605395    0.053911140     -5.0800516
     0.94705295    0.052912959     -5.0800516
     0.94805195    0.051914769     -5.0800516
     0.94905095    0.050916572     -5.0800516
     0.95004995    0.049918368     -5.0800516
     0.95104895    0.048920156     -5.0800516
     0.95204795    0.047921936     -5.0800516
     0.95304695    0.046923710     -5.0800516
     0.95404595    0.045925476     -5.0800516
     0.95504496    0.044927235     -5.0800516
     0.95604396    0.043928986     -5.0800516
     0.95704296    0.042930731     -5.0800516
     0.95804196    0.041932469     -5.0800516
     0.95904096    0.040934200     -5.0800516
     0.96003996    0.039935924     -5.0800516
     0.96103896    0.038937641     -5.0800516
     0.96203796    0.037939352     -5.0800516
     0.96303696    0.036941056     -5.0800516
     0.96403596    0.035942753     -5.0800516
     0.96503497    0.034944444     -5.0800516
     0.96603397    0.033946129     -5.0800516
     0.96703297    0.032947807     -5.0800516
     0.96803197    0.031949479     -5.0800516
     0.96903097    0.030951145     -5.0800516
     0.97002997    0.029952804     -5.0800516
     0.97102897    0.028954457     -5.0800516
     0.97202797    0.027956105     -5.0800516
     0.97302697    0.026957746     -5.0800516
     0.97402597    0.025959381     -5.0800516
     0.97502498    0.024961011     -5.0800516
     0.97602398    0.023962635     -5.0800516
     0.97702298    0.022964253     -5.0800516
     0.97802198    0.021965865     -5.0800516
     0.97902098    0.020967471     -5.0800516
     0.98001998    0.019969072     -5.0800516
     0.98101898    0.018970668     -5.0800516
     0.98201798    0.017972258     -5.0800516
     0.98301698    0.016973842     -5.0800516
     0.98401598    0.015975421     -5.0800516
     0.98501499    0.014976995     -5.0800516
     0.98601399    0.013978564     -5.0800516
     0.98701299    0.012980127     -5.0800516
     0.98801199    0.011981686     -5.0800516
     0.98901099    0.010983239     -5.0800516
     0.99000999   0.0099847867     -5.0800516
     0.99100899   0.0089863298     -5.0800516
     0.99200799   0.0079878679     -5.0800516
     0.99300699   0.0069894010     -5.0800516
     0.99400599   0.0059909294     -5.0800516
     0.99500500   0.0049924529     -5.0800516
     0.99600400   0.0039939717     -5.0800516
     0.99700300   0.0029954857     -5.0800516
     0.99800200   0.0019969951     -5.0800516
     0.99900100  0.00099849983     -5.0800516
      1.0000000  5.8885730E-18      0.0000000
log10 of Step size:
     -3.0004341
