Number of steps: 1001
  Time            x-coordinate    y-coordinate    velocity (x)    velocity (y)
  0.00000000e+00  1.00000000e+00  0.00000000e+00  0.00000000e+00  3.14159265e+00
  1.00000000e-02  9.98026079e-01  3.14159265e-02 -3.95271581e-01  3.13536379e+00
  2.00000000e-02  9.92094568e-01  6.27072758e-02 -7.92505643e-01  3.11653433e+00
  3.00000000e-02  9.82175966e-01  9.37466132e-02 -1.19371692e+00  3.08466694e+00
  4.00000000e-02  9.68220230e-01  1.24400615e-01 -1.60102789e+00  3.03900260e+00
  5.00000000e-02  9.50155408e-01  1.54526665e-01 -2.01673123e+00  2.97841161e+00
  6.00000000e-02  9.27885605e-01  1.83968847e-01 -2.44336342e+00  2.90131659e+00
  7.00000000e-02  9.01288140e-01  2.12552997e-01 -2.88379549e+00  2.80557700e+00
  8.00000000e-02  8.70209696e-01  2.40080387e-01 -3.34134846e+00  2.68831804e+00
  9.00000000e-02  8.34461171e-01  2.66319358e-01 -3.81994458e+00  2.54567563e+00
  1.00000000e-01  7.93810804e-01  2.90993900e-01 -4.32431013e+00  2.37241012e+00
  1.10000000e-01  7.47974968e-01  3.13767560e-01 -4.86025258e+00  2.16130637e+00
  1.20000000e-01  6.96605752e-01  3.34220027e-01 -5.43504501e+00  1.90221192e+00
  1.30000000e-01  6.39274068e-01  3.51811799e-01 -6.05796192e+00  1.58043353e+00
  1.40000000e-01  5.75446514e-01  3.65828698e-01 -6.74101534e+00  1.17393324e+00
  1.50000000e-01  5.04453761e-01  3.75290464e-01 -7.49989622e+00  6.48132993e-01
  1.60000000e-01  4.25448590e-01  3.78791357e-01 -8.35485202e+00 -5.44204070e-02
  1.70000000e-01  3.37356721e-01  3.74202055e-01 -9.32988668e+00 -1.03649963e+00
  1.80000000e-01  2.38850856e-01  3.58061365e-01 -1.04418652e+01 -2.50045509e+00
  1.90000000e-01  1.28519417e-01  3.24192954e-01 -1.16312800e+01 -4.89565216e+00
  2.00000000e-01  6.22525622e-03  2.60148322e-01 -1.22991511e+01 -9.31863237e+00
  2.10000000e-01 -1.17463605e-01  1.37820306e-01 -8.46426846e+00 -1.68140981e+01
  2.20000000e-01 -1.63060113e-01 -7.61336395e-02  9.63196153e-01 -1.88167478e+01
  2.30000000e-01 -9.81996824e-02 -2.38514650e-01  7.61555256e+00 -1.34946648e+01
  2.40000000e-01 -1.07490620e-02 -3.46026937e-01  8.79619987e+00 -9.10503247e+00
  2.50000000e-01  7.77243150e-02 -4.20615299e-01  8.65129148e+00 -6.39790650e+00
  2.60000000e-01  1.62276768e-01 -4.73985067e-01  8.20051124e+00 -4.59293849e+00
  2.70000000e-01  2.41734540e-01 -5.12474069e-01  7.68348919e+00 -3.29285305e+00
  2.80000000e-01  3.15946551e-01 -5.39842127e-01  7.16636624e+00 -2.30138212e+00
  2.90000000e-01  3.85061865e-01 -5.58501712e-01  6.66806167e+00 -1.51282496e+00
  3.00000000e-01  4.49307785e-01 -5.70098627e-01  6.19269569e+00 -8.65452745e-01
  3.10000000e-01  5.08915779e-01 -5.75810766e-01  5.73944557e+00 -3.20764080e-01
  3.20000000e-01  5.64096696e-01 -5.76513908e-01  5.30589495e+00  1.46553636e-01
  3.30000000e-01  6.15033677e-01 -5.72879694e-01  4.88924229e+00  5.53864029e-01
  3.40000000e-01  6.61881542e-01 -5.65436628e-01  4.48673722e+00  9.13497438e-01
  3.50000000e-01  7.04768422e-01 -5.54609745e-01  4.09582150e+00  1.23446243e+00
  3.60000000e-01  7.43797972e-01 -5.40747379e-01  3.71415412e+00  1.52349642e+00
  3.70000000e-01  7.79051504e-01 -5.24139817e-01  3.33959154e+00  1.78573528e+00
  3.80000000e-01  8.10589803e-01 -5.05032673e-01  2.97015176e+00  2.02515374e+00
  3.90000000e-01  8.38454539e-01 -4.83636742e-01  2.60397401e+00  2.24486249e+00
  4.00000000e-01  8.62669283e-01 -4.60135424e-01  2.23927795e+00  2.44731276e+00
  4.10000000e-01  8.83240098e-01 -4.34690487e-01  1.87432349e+00  2.63443889e+00
  4.20000000e-01  9.00155753e-01 -4.07446646e-01  1.50737077e+00  2.80775797e+00
  4.30000000e-01  9.13387514e-01 -3.78535327e-01  1.13663874e+00  2.96843858e+00
  4.40000000e-01  9.22888527e-01 -3.48077874e-01  7.60260761e-01  3.11734583e+00
  4.50000000e-01  9.28592729e-01 -3.16188411e-01  3.76234716e-01  3.25506705e+00
  4.60000000e-01  9.30413222e-01 -2.82976533e-01 -1.76354701e-02  3.38191999e+00
  4.70000000e-01  9.28240020e-01 -2.48550011e-01 -4.23810936e-01  3.49794320e+00
  4.80000000e-01  9.21937003e-01 -2.13017669e-01 -8.45107370e-01  3.60286597e+00
  4.90000000e-01  9.11337872e-01 -1.76492691e-01 -1.28481094e+00  3.69605225e+00
  5.00000000e-01  8.96240784e-01 -1.39096624e-01 -1.74683252e+00  3.77640833e+00
  5.10000000e-01  8.76401222e-01 -1.00964525e-01 -2.23591812e+00  3.84223684e+00
  5.20000000e-01  8.51522422e-01 -6.22518873e-02 -2.75794304e+00  3.89100713e+00
  5.30000000e-01  8.21242361e-01 -2.31443822e-02 -3.32033371e+00  3.91898894e+00
  5.40000000e-01  7.85115748e-01  1.61278914e-02 -3.93268901e+00  3.92065333e+00
  5.50000000e-01  7.42588581e-01  5.52686845e-02 -4.60772177e+00  3.88765732e+00
  5.60000000e-01  6.92961312e-01  9.38810379e-02 -5.36273001e+00  3.80704370e+00
  5.70000000e-01  6.35333981e-01  1.31409558e-01 -6.22196922e+00  3.65786578e+00
  5.80000000e-01  5.68521928e-01  1.67038353e-01 -7.22058607e+00  3.40440316e+00
  5.90000000e-01  4.90922259e-01  1.99497622e-01 -8.41120167e+00  2.98128247e+00
  6.00000000e-01  4.00297895e-01  2.26664003e-01 -9.87413257e+00  2.25702471e+00
  6.10000000e-01  2.93439608e-01  2.44638116e-01 -1.17246043e+01  9.31392865e-01
  6.20000000e-01  1.65805809e-01  2.45291860e-01 -1.40244226e+01 -1.80020258e+00
  6.30000000e-01  1.29511566e-02  2.08634064e-01 -1.55653487e+01 -8.17450565e+00
  6.40000000e-01 -1.45501165e-01  8.18017472e-02 -9.66968988e+00 -1.61551637e+01
  6.50000000e-01 -1.80442641e-01 -1.14469209e-01  1.56129764e-01 -1.73114325e+01
  6.60000000e-01 -1.42378569e-01 -2.64426903e-01  4.84396749e+00 -1.30688020e+01
  6.70000000e-01 -8.35632911e-02 -3.75845249e-01  6.17052013e+00 -9.84202476e+00
  6.80000000e-01 -1.89681667e-02 -4.61267398e-01  6.49756607e+00 -7.61682757e+00
  6.90000000e-01  4.63880304e-02 -5.28181800e-01  6.47418981e+00 -5.99198915e+00
  7.00000000e-01  1.10515629e-01 -5.81107181e-01  6.30736032e+00 -4.73833180e+00
  7.10000000e-01  1.72535237e-01 -6.22948436e-01  6.07586419e+00 -3.72884666e+00
  7.20000000e-01  2.32032913e-01 -6.55684115e-01  5.81364413e+00 -2.88890675e+00
  7.30000000e-01  2.88808119e-01 -6.80726572e-01  5.53652753e+00 -2.17192215e+00
  7.40000000e-01  3.42763464e-01 -6.99122557e-01  5.25220454e+00 -1.54725364e+00
  7.50000000e-01  3.93852210e-01 -7.11671644e-01  4.96440598e+00 -9.93860901e-01
  7.60000000e-01  4.42051583e-01 -7.18999775e-01  4.67481173e+00 -4.96765401e-01
  7.70000000e-01  4.87348445e-01 -7.21606952e-01  4.38398193e+00 -4.49764208e-02
  7.80000000e-01  5.29731222e-01 -7.19899304e-01  4.09183392e+00  3.69780470e-01
  7.90000000e-01  5.69185123e-01 -7.14211343e-01  3.79789424e+00  7.53873370e-01
  8.00000000e-01  6.05689107e-01 -7.04821836e-01  3.50143291e+00  1.11229717e+00
  8.10000000e-01  6.39213781e-01 -6.91965399e-01  3.20153274e+00  1.44903442e+00
  8.20000000e-01  6.69719762e-01 -6.75841148e-01  2.89712069e+00  1.76730530e+00
  8.30000000e-01  6.97156195e-01 -6.56619293e-01  2.58697507e+00  2.06974409e+00
  8.40000000e-01  7.21459263e-01 -6.34446266e-01  2.26971588e+00  2.35852525e+00
  8.50000000e-01  7.42550513e-01 -6.09448788e-01  1.94378115e+00  2.63545383e+00
  8.60000000e-01  7.60334886e-01 -5.81737190e-01  1.60738990e+00  2.90202937e+00
  8.70000000e-01  7.74698311e-01 -5.51408201e-01  1.25849017e+00  3.15948908e+00
  8.80000000e-01  7.85504689e-01 -5.18547408e-01  8.94688452e-01  3.40883296e+00
  8.90000000e-01  7.92592080e-01 -4.83231542e-01  5.13154707e-01  3.65083148e+00
  9.00000000e-01  7.95767784e-01 -4.45530779e-01  1.10493533e-01  3.88601354e+00
  9.10000000e-01  7.94801950e-01 -4.05511271e-01 -3.17432958e-01  4.11462918e+00
  9.20000000e-01  7.89419124e-01 -3.63238195e-01 -7.75753013e-01  4.33657568e+00
  9.30000000e-01  7.79286890e-01 -3.18779757e-01 -1.27093965e+00  4.55126672e+00
  9.40000000e-01  7.64000331e-01 -2.72212861e-01 -1.81133002e+00  4.75740629e+00
  9.50000000e-01  7.43060290e-01 -2.23631632e-01 -2.40790834e+00  4.95259560e+00
  9.60000000e-01  7.15842165e-01 -1.73160949e-01 -3.07552453e+00  5.13263060e+00
  9.70000000e-01  6.81549799e-01 -1.20979020e-01 -3.83486225e+00  5.29019381e+00
  9.80000000e-01  6.39144920e-01 -6.73570725e-02 -4.71575298e+00  5.41228110e+00
  9.90000000e-01  5.87234740e-01 -1.27333977e-02 -5.76302329e+00  5.47477066e+00
  1.00000000e+00  5.23884454e-01  4.21383406e-02 -7.04731991e+00  5.42988109e+00
  1.01000000e+00  4.46288341e-01  9.58642240e-02 -8.68583018e+00  5.17363343e+00
  1.02000000e+00  3.50167850e-01  1.45611009e-01 -1.08793411e+01  4.44769793e+00
  1.03000000e+00  2.28701520e-01  1.84818183e-01 -1.39222929e+01  2.48577178e+00
  1.04000000e+00  7.17219925e-02  1.95326445e-01 -1.72694131e+01 -3.22886206e+00
  1.05000000e+00 -1.16686743e-01  1.20240941e-01 -1.39441877e+01 -1.25543859e+01
  1.06000000e+00 -2.07161761e-01 -5.57612731e-02 -4.90613042e+00 -1.64854977e+01
  1.07000000e+00 -2.14809351e-01 -2.09469012e-01  8.05141275e-01 -1.38399026e+01
  1.08000000e+00 -1.91058936e-01 -3.32559326e-01  3.04351094e+00 -1.11454861e+01
  1.09000000e+00 -1.53939132e-01 -4.32378733e-01  4.02627777e+00 -9.09915334e+00
  1.10000000e+00 -1.10533380e-01 -5.14542393e-01  4.49025755e+00 -7.51958178e+00
  1.11000000e+00 -6.41339814e-02 -5.82770369e-01  4.70275777e+00 -6.25198630e+00
  1.12000000e+00 -1.64782248e-02 -6.39582119e-01  4.77799558e+00 -5.19911083e+00
  1.13000000e+00  3.14259302e-02 -6.86752585e-01  4.77132338e+00 -4.29982540e+00
  1.14000000e+00  7.89482427e-02 -7.25578627e-01  4.71214905e+00 -3.51422616e+00
  1.15000000e+00  1.25668911e-01 -7.57037109e-01  4.61717628e+00 -2.81518418e+00
  1.16000000e+00  1.71291768e-01 -7.81882310e-01  4.49635260e+00 -2.18356031e+00
  1.17000000e+00  2.15595963e-01 -8.00708315e-01  4.35578286e+00 -1.60540530e+00
  1.18000000e+00  2.58407426e-01 -8.13990416e-01  4.19925708e+00 -1.07025702e+00
  1.19000000e+00  2.99581105e-01 -8.22113455e-01  4.02909554e+00 -5.70065986e-01
  1.20000000e+00  3.38989336e-01 -8.25391736e-01  3.84663539e+00 -9.84939674e-02
  1.21000000e+00  3.76513812e-01 -8.24083334e-01  3.65251797e+00  3.49558140e-01
  1.22000000e+00  4.12039696e-01 -8.18400573e-01  3.44685933e+00  7.78276971e-01
  1.23000000e+00  4.45450999e-01 -8.08517795e-01  3.22934811e+00  1.19116860e+00
  1.24000000e+00  4.76626658e-01 -7.94577201e-01  2.99929497e+00  1.59122709e+00
  1.25000000e+00  5.05436898e-01 -7.76693253e-01  2.75564639e+00  1.98105975e+00
  1.26000000e+00  5.31739586e-01 -7.54956006e-01  2.49696874e+00  2.36298207e+00
  1.27000000e+00  5.55376273e-01 -7.29433612e-01  2.22140380e+00  2.73909082e+00
  1.28000000e+00  5.76167662e-01 -7.00174190e-01  1.92659242e+00  3.11132069e+00
  1.29000000e+00  5.93908122e-01 -6.67207198e-01  1.60955860e+00  3.48148728e+00
  1.30000000e+00  6.08358834e-01 -6.30544444e-01  1.26654028e+00  3.85131699e+00
  1.31000000e+00  6.19238927e-01 -5.90180858e-01  8.92743709e-01  4.22246130e+00
  1.32000000e+00  6.26213708e-01 -5.46095218e-01  4.81983918e-01  4.59648760e+00
  1.33000000e+00  6.28878606e-01 -4.98251106e-01  2.61485125e-02  4.97482996e+00
  1.34000000e+00  6.26736678e-01 -4.46598619e-01 -4.85622924e-01  5.35866385e+00
  1.35000000e+00  6.19166147e-01 -3.91077829e-01 -1.06823536e+00  5.74862795e+00
  1.36000000e+00  6.05371971e-01 -3.31626060e-01 -1.74276713e+00  6.14422178e+00
  1.37000000e+00  5.84310804e-01 -2.68193394e-01 -2.54012869e+00  6.54247424e+00
  1.38000000e+00  5.54569397e-01 -2.00776575e-01 -3.50769893e+00  6.93485153e+00
  1.39000000e+00  5.14156826e-01 -1.29496363e-01 -4.72214023e+00  7.29950951e+00
  1.40000000e+00  4.60126593e-01 -5.47863850e-02 -6.31588360e+00  7.57969033e+00
  1.41000000e+00  3.87839154e-01  2.20974434e-02 -8.53465953e+00  7.61397726e+00
  1.42000000e+00  2.89433402e-01  9.74931602e-02 -1.18460594e+01  6.86404150e+00
  1.43000000e+00  1.50917965e-01  1.59378273e-01 -1.66686423e+01  3.21348906e+00
  1.44000000e+00 -4.39394431e-02  1.61762941e-01 -1.76442357e+01 -6.54102953e+00
  1.45000000e+00 -2.01966748e-01  2.85576829e-02 -1.11051529e+01 -1.39847537e+01
  1.46000000e+00 -2.66042500e-01 -1.17932132e-01 -4.27669656e+00 -1.37043991e+01
  1.47000000e+00 -2.87500679e-01 -2.45530299e-01 -1.09571976e+00 -1.18630156e+01
  1.48000000e+00 -2.87956895e-01 -3.55192445e-01  5.48924916e-01 -1.02328464e+01
  1.49000000e+00 -2.76522181e-01 -4.50187226e-01  1.51359167e+00 -8.89691023e+00
  1.50000000e+00 -2.57685062e-01 -5.33130649e-01  2.12870033e+00 -7.78747999e+00
  1.51000000e+00 -2.33948174e-01 -6.05936826e-01  2.54220771e+00 -6.84414565e+00
  1.52000000e+00 -2.06840908e-01 -6.70013562e-01  2.82914367e+00 -6.02408895e+00
  1.53000000e+00 -1.77365301e-01 -7.26418605e-01  3.03129716e+00 -5.29755253e+00
  1.54000000e+00 -1.46214965e-01 -7.75964613e-01  3.17365650e+00 -4.64348856e+00
  1.55000000e+00 -1.13892171e-01 -8.19288376e-01  3.27200257e+00 -4.04662564e+00
  1.56000000e+00 -8.07749131e-02 -8.56897126e-01  3.33673253e+00 -3.49559198e+00
  1.57000000e+00 -4.71575203e-02 -8.89200216e-01  3.37492343e+00 -2.98170910e+00
  1.58000000e+00 -1.32764444e-02 -9.16531308e-01  3.39151036e+00 -2.49820084e+00
  1.59000000e+00  2.06726870e-02 -9.39164233e-01  3.38999063e+00 -2.03966196e+00
  1.60000000e+00  5.45233682e-02 -9.57324547e-01  3.37286066e+00 -1.60169220e+00
  1.61000000e+00  8.81299003e-02 -9.71198077e-01  3.34189517e+00 -1.18063804e+00
  1.62000000e+00  1.21361272e-01 -9.80937308e-01  3.29832922e+00 -7.73405987e-01
  1.63000000e+00  1.54096485e-01 -9.86666196e-01  3.24297825e+00 -3.77324355e-01
  1.64000000e+00  1.86220837e-01 -9.88483795e-01  3.17631667e+00  9.96182399e-03
  1.65000000e+00  2.17622818e-01 -9.86466960e-01  3.09852758e+00  3.90572895e-01
  1.66000000e+00  2.48191388e-01 -9.80672337e-01  3.00953087e+00  7.66460862e-01
  1.67000000e+00  2.77813435e-01 -9.71137743e-01  2.90899411e+00  1.13946496e+00
  1.68000000e+00  3.06371270e-01 -9.57883038e-01  2.79632811e+00  1.51136036e+00
  1.69000000e+00  3.33739998e-01 -9.40910535e-01  2.67066714e+00  1.88390307e+00
  1.70000000e+00  3.59784613e-01 -9.20204976e-01  2.53083249e+00  2.25887371e+00
  1.71000000e+00  3.84356647e-01 -8.95733061e-01  2.37527543e+00  2.63812250e+00
  1.72000000e+00  4.07290122e-01 -8.67442526e-01  2.20199354e+00  3.02361816e+00
  1.73000000e+00  4.28396518e-01 -8.35260698e-01  2.00841025e+00  3.41750327e+00
  1.74000000e+00  4.47458327e-01 -7.99092461e-01  1.79120154e+00  3.82215931e+00
  1.75000000e+00  4.64220549e-01 -7.58817512e-01  1.54604395e+00  4.24028501e+00
  1.76000000e+00  4.78379206e-01 -7.14286761e-01  1.26724156e+00  4.67499164e+00
  1.77000000e+00  4.89565380e-01 -6.65317679e-01  9.47159923e-01  5.12991832e+00
  1.78000000e+00  4.97322404e-01 -6.11688394e-01  5.75340966e-01  5.60936575e+00
  1.79000000e+00  5.01072199e-01 -5.53130364e-01  1.37067589e-01  6.11843246e+00
  1.80000000e+00  5.00063756e-01 -4.89319745e-01 -3.89067779e-01  6.66309277e+00
  1.81000000e+00  4.93290844e-01 -4.19868509e-01 -1.03550321e+00  7.25001870e+00
  1.82000000e+00  4.79353692e-01 -3.44319371e-01 -1.85395975e+00  7.88550704e+00
  1.83000000e+00  4.56211649e-01 -2.62158368e-01 -2.93238441e+00  8.57133257e+00
  1.84000000e+00  4.20706004e-01 -1.72892720e-01 -4.43306220e+00  9.28923476e+00
  1.85000000e+00  3.67550405e-01 -7.63736726e-02 -6.68694320e+00  9.93686585e+00
  1.86000000e+00  2.86967140e-01  2.58445972e-02 -1.04264419e+01  1.00085517e+01
  1.87000000e+00  1.59021566e-01  1.23797362e-01 -1.66296672e+01  6.80966582e+00
  1.88000000e+00 -4.56262039e-02  1.62037914e-01 -1.85768315e+01 -2.88083647e+00
  1.89000000e+00 -2.12515064e-01  6.61806326e-02 -1.28847835e+01 -1.07703872e+01
  1.90000000e+00 -3.03321874e-01 -5.33698310e-02 -7.03112255e+00 -1.15944242e+01
  1.91000000e+00 -3.53137515e-01 -1.65707851e-01 -3.80720584e+00 -1.06827408e+01
  1.92000000e+00 -3.79465991e-01 -2.67024648e-01 -1.88304517e+00 -9.60405469e+00
  1.93000000e+00 -3.90798418e-01 -3.57788945e-01 -6.14640243e-01 -8.60163190e+00
  1.94000000e+00 -3.91758796e-01 -4.39057286e-01  2.83513894e-01 -7.70145775e+00
  1.95000000e+00 -3.85128140e-01 -5.11818100e-01  9.52341376e-01 -6.89164676e+00
  1.96000000e+00 -3.72711968e-01 -5.76890221e-01  1.46869855e+00 -6.15573156e+00
  1.97000000e+00 -3.55754169e-01 -6.34932731e-01  1.87793192e+00 -5.47915494e+00
  1.98000000e+00 -3.35153330e-01 -6.86473320e-01  2.20848265e+00 -4.85010320e+00
  1.99000000e+00 -3.11584516e-01 -7.31934795e-01  2.47905907e+00 -4.25914315e+00
  2.00000000e+00 -2.85572148e-01 -7.71656183e-01  2.70243157e+00 -3.69869622e+00
  2.01000000e+00 -2.57535885e-01 -8.05908720e-01  2.88756606e+00 -3.16258056e+00
  2.02000000e+00 -2.27820827e-01 -8.34907794e-01  3.04088409e+00 -2.64565288e+00
  2.03000000e+00 -1.96718203e-01 -8.58821777e-01  3.16703680e+00 -2.14353565e+00
  2.04000000e+00 -1.64480091e-01 -8.77778507e-01  3.26939466e+00 -1.65240844e+00
  2.05000000e+00 -1.31330310e-01 -8.91869946e-01  3.35036282e+00 -1.16884479e+00
  2.06000000e+00 -9.74728347e-02 -9.01155403e-01  3.41158422e+00 -6.89680375e-01
  2.07000000e+00 -6.30986255e-02 -9.05663554e-01  3.45406632e+00 -2.11901158e-01
  2.08000000e+00 -2.83915082e-02 -9.05393426e-01  3.47825164e+00  2.67457240e-01
  2.09000000e+00  6.46640724e-03 -9.00314409e-01  3.48404260e+00  7.51406628e-01
  2.10000000e+00  4.12893438e-02 -8.90365294e-01  3.47078396e+00  1.24310703e+00
  2.11000000e+00  7.58820865e-02 -8.75452268e-01  3.43719953e+00  1.74597897e+00
  2.12000000e+00  1.10033334e-01 -8.55445714e-01  3.38127260e+00  2.26383671e+00
  2.13000000e+00  1.43507538e-01 -8.30175534e-01  3.30004930e+00  2.80105466e+00
  2.14000000e+00  1.76034320e-01 -7.99424621e-01  3.18932786e+00  3.36278423e+00
  2.15000000e+00  2.07294096e-01 -7.62919850e-01  3.04316836e+00  3.95524581e+00
  2.16000000e+00  2.36897688e-01 -7.20319705e-01  2.85310599e+00  4.58613253e+00
  2.17000000e+00  2.64356215e-01 -6.71197199e-01  2.60684919e+00  5.26517895e+00
  2.18000000e+00  2.89034671e-01 -6.15016126e-01  2.28603521e+00  6.00496863e+00
  2.19000000e+00  3.10076920e-01 -5.51097826e-01  1.86215372e+00  6.82206140e+00
  2.20000000e+00  3.26277746e-01 -4.78574898e-01  1.28864968e+00  7.73842929e+00
  2.21000000e+00  3.35849913e-01 -3.96329241e-01  4.84350640e-01  8.78258477e+00
  2.22000000e+00  3.35964759e-01 -3.02923202e-01 -7.04913294e-01  9.98654519e+00
  2.23000000e+00  3.21751647e-01 -1.96598337e-01 -2.60603064e+00  1.13563799e+01
  2.24000000e+00  2.83844146e-01 -7.57956040e-02 -6.00027729e+00  1.26702888e+01
  2.25000000e+00  2.01746101e-01  5.68074387e-02 -1.25350844e+01  1.20423968e+01
  2.26000000e+00  3.31424573e-02  1.65052333e-01 -1.82315578e+01  3.99582666e+00
  2.27000000e+00 -1.62885054e-01  1.36723972e-01 -1.62596977e+01 -5.63895941e+00
  2.28000000e+00 -2.92051496e-01  5.22731444e-02 -1.07093074e+01 -8.84016524e+00
  2.29000000e+00 -3.77071202e-01 -4.00793330e-02 -7.13687082e+00 -9.09014970e+00
  2.30000000e+00 -4.34788912e-01 -1.29529850e-01 -4.85263706e+00 -8.67122849e+00
  2.31000000e+00 -4.74123944e-01 -2.13503903e-01 -3.26782241e+00 -8.09764101e+00
  2.32000000e+00 -5.00145361e-01 -2.91482670e-01 -2.09322147e+00 -7.50128009e+00
  2.33000000e+00 -5.15988373e-01 -3.63529505e-01 -1.17926451e+00 -6.91932277e+00
  2.34000000e+00 -5.23730651e-01 -4.29869125e-01 -4.41871874e-01 -6.36117005e+00
  2.35000000e+00 -5.24825810e-01 -4.90752906e-01  1.69748877e-01 -5.82724370e+00
  2.36000000e+00 -5.20335673e-01 -5.46413999e-01  6.88114833e-01 -5.31502493e+00
  2.37000000e+00 -5.11063514e-01 -5.97053404e-01  1.13503328e+00 -4.82115648e+00
  2.38000000e+00 -4.97635008e-01 -6.42837129e-01  1.52568446e+00 -4.34219056e+00
  2.39000000e+00 -4.80549825e-01 -6.83897215e-01  1.87095520e+00 -3.87483567e+00
  2.40000000e+00 -4.60215904e-01 -7.20333842e-01  2.17883783e+00 -3.41600978e+00
  2.41000000e+00 -4.36973068e-01 -7.52217411e-01  2.45530216e+00 -2.96281789e+00
  2.42000000e+00 -4.11109860e-01 -7.79590200e-01  2.70485590e+00 -2.51249995e+00
  2.43000000e+00 -3.82875950e-01 -8.02467410e-01  2.93091259e+00 -2.06236724e+00
  2.44000000e+00 -3.52491609e-01 -8.20837545e-01  3.13603510e+00 -1.60973279e+00
  2.45000000e+00 -3.20155248e-01 -8.34662066e-01  3.32209458e+00 -1.15183597e+00
  2.46000000e+00 -2.86049717e-01 -8.43874264e-01  3.49036781e+00 -6.85758706e-01
  2.47000000e+00 -2.50347892e-01 -8.48377240e-01  3.64158536e+00 -2.08328153e-01
  2.48000000e+00 -2.13218010e-01 -8.48040827e-01  3.77593479e+00  2.84001364e-01
  2.49000000e+00 -1.74829196e-01 -8.42697213e-01  3.89301621e+00  7.95297698e-01
  2.50000000e+00 -1.35357686e-01 -8.32134873e-01  3.99173914e+00  1.33034698e+00
  2.51000000e+00 -9.49944132e-02 -8.16090273e-01  4.07013728e+00  1.89491977e+00
  2.52000000e+00 -5.39549399e-02 -7.94236478e-01  4.12505849e+00  2.49614349e+00
  2.53000000e+00 -1.24932434e-02 -7.66167403e-01  4.15165066e+00  3.14303895e+00
  2.54000000e+00  2.90780733e-02 -7.31375699e-01  4.14249491e+00  3.84731618e+00
  2.55000000e+00  7.03566548e-02 -6.89221080e-01  4.08609378e+00  4.62459004e+00
  2.56000000e+00  1.10799949e-01 -6.38883898e-01  3.96410641e+00  5.49629224e+00
  2.57000000e+00  1.49638783e-01 -5.79295235e-01  3.74597354e+00  6.49275552e+00
  2.58000000e+00  1.85719420e-01 -5.09028788e-01  3.37762863e+00  7.65823225e+00
  2.59000000e+00  2.17191356e-01 -4.26130590e-01  2.75535793e+00  9.05860342e+00
  2.60000000e+00  2.40826578e-01 -3.27856719e-01  1.65738931e+00  1.07887030e+01
  2.61000000e+00  2.50339142e-01 -2.10356529e-01 -4.62168705e-01  1.29377006e+01
  2.62000000e+00  2.31583204e-01 -6.91027078e-02 -5.11414667e+00  1.50917423e+01
  2.63000000e+00  1.48056208e-01  9.14783165e-02 -1.38967939e+01  1.26326168e+01
  2.64000000e+00 -4.63526748e-02  1.83549628e-01 -1.80923290e+01  3.86703879e+00
  2.65000000e+00 -2.13790371e-01  1.68819092e-01 -1.46561205e+01 -3.12156106e+00
  2.66000000e+00 -3.39475084e-01  1.21118406e-01 -1.11374084e+01 -5.28064526e+00
  2.67000000e+00 -4.36538539e-01  6.32061870e-02 -8.70226412e+00 -5.93660235e+00
  2.68000000e+00 -5.13520367e-01  2.38635925e-03 -6.94966803e+00 -6.08546117e+00
  2.69000000e+00 -5.75531900e-01 -5.85030363e-02 -5.61434772e+00 -6.02929054e+00
  2.70000000e+00 -6.25807321e-01 -1.18199452e-01 -4.54933727e+00 -5.87932052e+00
  2.71000000e+00 -6.66518645e-01 -1.76089447e-01 -3.66957049e+00 -5.68290972e+00
  2.72000000e+00 -6.99198731e-01 -2.31857646e-01 -2.92273248e+00 -5.46232474e+00
  2.73000000e+00 -7.24973295e-01 -2.85335942e-01 -2.27485872e+00 -5.22873275e+00
  2.74000000e+00 -7.44695905e-01 -3.36432301e-01 -1.70287230e+00 -4.98793383e+00
  2.75000000e+00 -7.59030741e-01 -3.85094618e-01 -1.19048795e+00 -4.74294777e+00
  2.76000000e+00 -7.68505664e-01 -4.31291256e-01 -7.25841286e-01 -4.49527156e+00
  2.77000000e+00 -7.73547567e-01 -4.75000049e-01 -3.00051607e-01 -4.24552713e+00
  2.78000000e+00 -7.74506696e-01 -5.16201799e-01  9.36850278e-02 -3.99380959e+00
  2.79000000e+00 -7.71673866e-01 -5.54876241e-01  4.60688205e-01 -3.73988007e+00
  2.80000000e+00 -7.65292932e-01 -5.90999400e-01  8.05191836e-01 -3.48327372e+00
  2.81000000e+00 -7.55570030e-01 -6.24541716e-01  1.13061951e+00 -3.22335920e+00
  2.82000000e+00 -7.42680542e-01 -6.55466584e-01  1.43977894e+00 -2.95936886e+00
  2.83000000e+00 -7.26774451e-01 -6.83729093e-01  1.73500189e+00 -2.69041018e+00
  2.84000000e+00 -7.07980504e-01 -7.09274788e-01  2.01824636e+00 -2.41546396e+00
  2.85000000e+00 -6.86409523e-01 -7.32038372e-01  2.29117193e+00 -2.13337204e+00
  2.86000000e+00 -6.62157066e-01 -7.51942229e-01  2.55519545e+00 -1.84281549e+00
  2.87000000e+00 -6.35305614e-01 -7.68894682e-01  2.81153162e+00 -1.54228283e+00
  2.88000000e+00 -6.05926433e-01 -7.82787885e-01  3.06122139e+00 -1.23002661e+00
  2.89000000e+00 -5.74081187e-01 -7.93495214e-01  3.30514946e+00 -9.04005194e-01
  2.90000000e+00 -5.39823444e-01 -8.00867989e-01  3.54405105e+00 -5.61805195e-01
  2.91000000e+00 -5.03200166e-01 -8.04731318e-01  3.77850634e+00 -2.00537026e-01
  2.92000000e+00 -4.64253317e-01 -8.04878730e-01  4.00891908e+00  1.83307339e-01
  2.93000000e+00 -4.23021784e-01 -8.01065171e-01  4.23547229e+00  5.94051404e-01
  2.94000000e+00 -3.79543871e-01 -7.92997702e-01  4.45804869e+00  1.03711254e+00
  2.95000000e+00 -3.33860810e-01 -7.80322920e-01  4.67609262e+00  1.51940443e+00
  2.96000000e+00 -2.86022019e-01 -7.62609613e-01  4.88837132e+00  2.04993415e+00
  2.97000000e+00 -2.36093384e-01 -7.39324237e-01  5.09255323e+00  2.64071515e+00
  2.98000000e+00 -1.84170954e-01 -7.09795310e-01  5.28443781e+00  3.30821177e+00
  2.99000000e+00 -1.30404628e-01 -6.73160002e-01  5.45648143e+00  4.07571728e+00
  3.00000000e+00 -7.50413256e-02 -6.28280964e-01  5.59480129e+00  4.97745067e+00
  3.01000000e+00 -1.85086022e-02 -5.73610988e-01  5.67259973e+00  6.06598394e+00
  3.02000000e+00  3.84106689e-02 -5.06961286e-01  5.63423343e+00  7.42643749e+00
  3.03000000e+00  9.41760663e-02 -4.25082239e-01  5.35130450e+00  9.20454837e+00
  3.04000000e+00  1.45436759e-01 -3.22870318e-01  4.47956301e+00  1.16564391e+01
  3.05000000e+00  1.83767327e-01 -1.91953457e-01  1.90002851e+00  1.51108234e+01
  3.06000000e+00  1.83437329e-01 -2.06538508e-02 -5.78935640e+00  1.77780890e+01
  3.07000000e+00  6.79801985e-02  1.63608322e-01 -1.39586510e+01  1.26189862e+01
  3.08000000e+00 -9.57356903e-02  2.31725873e-01 -1.51725888e+01  3.90960498e+00
  3.09000000e+00 -2.35471577e-01  2.41800422e-01 -1.27646596e+01 -2.33966999e-01
  3.10000000e+00 -3.51028882e-01  2.27046533e-01 -1.06073841e+01 -2.08878218e+00
  3.11000000e+00 -4.47619258e-01  2.00024778e-01 -8.90929840e+00 -3.03720671e+00
  3.12000000e+00 -5.29214850e-01  1.66302399e-01 -7.54760642e+00 -3.56454018e+00
  3.13000000e+00 -5.98571386e-01  1.28733975e-01 -6.42084976e+00 -3.86756065e+00
  3.14000000e+00 -6.57631845e-01  8.89511862e-02 -5.46187152e+00 -4.03835782e+00
  3.15000000e+00 -7.07808817e-01  4.79668184e-02 -4.62639438e+00 -4.12495460e+00
  3.16000000e+00 -7.50159733e-01  6.45209417e-03 -3.88436071e+00 -4.15448904e+00
  3.17000000e+00 -7.85496031e-01 -3.51229625e-02 -3.21466659e+00 -4.14324343e+00
  3.18000000e+00 -8.14453065e-01 -7.64127744e-02 -2.60201386e+00 -4.10142695e+00
  3.19000000e+00 -8.37536308e-01 -1.17151502e-01 -2.03498644e+00 -4.03563922e+00
  3.20000000e+00 -8.55152794e-01 -1.57125559e-01 -1.50483820e+00 -3.95021945e+00
  3.21000000e+00 -8.67633072e-01 -1.96155890e-01 -1.00470465e+00 -3.84802228e+00
  3.22000000e+00 -8.75246887e-01 -2.34086004e-01 -5.29074659e-01 -3.73088060e+00
  3.23000000e+00 -8.78214565e-01 -2.70773502e-01 -7.34261234e-02 -3.59988849e+00
  3.24000000e+00 -8.76715409e-01 -3.06083774e-01  3.66032051e-01 -3.45557538e+00
  3.25000000e+00 -8.70893924e-01 -3.39885010e-01  7.92547762e-01 -3.29801078e+00
  3.26000000e+00 -8.60864454e-01 -3.72043990e-01  1.20896615e+00 -3.12686167e+00
  3.27000000e+00 -8.46714601e-01 -4.02422243e-01  1.61783778e+00 -2.94141467e+00
  3.28000000e+00 -8.28507698e-01 -4.30872283e-01  2.02150467e+00 -2.74056877e+00
  3.29000000e+00 -8.06284508e-01 -4.57233619e-01  2.42217131e+00 -2.52279993e+00
  3.30000000e+00 -7.80064272e-01 -4.81328281e-01  2.82196545e+00 -2.28609479e+00
  3.31000000e+00 -7.49845199e-01 -5.02955515e-01  3.22299225e+00 -2.02784645e+00
  3.32000000e+00 -7.15604427e-01 -5.21885211e-01  3.62738384e+00 -1.74469948e+00
  3.33000000e+00 -6.77297522e-01 -5.37849504e-01  4.03734490e+00 -1.43232283e+00
  3.34000000e+00 -6.34857529e-01 -5.50531667e-01  4.45519240e+00 -1.08507519e+00
  3.35000000e+00 -5.88193674e-01 -5.59551008e-01  4.88338247e+00 -6.95504029e-01
  3.36000000e+00 -5.37189880e-01 -5.64441748e-01  5.32450676e+00 -2.53576540e-01
  3.37000000e+00 -4.81703539e-01 -5.64622539e-01  5.78121553e+00  2.54538167e-01
  3.38000000e+00 -4.21565569e-01 -5.59350984e-01  6.25596422e+00  8.48473206e-01
  3.39000000e+00 -3.56584254e-01 -5.47653075e-01  6.75032494e+00  1.55711743e+00
  3.40000000e+00 -2.86559070e-01 -5.28208636e-01  7.26317322e+00  2.42490374e+00
  3.41000000e+00 -2.11320790e-01 -4.99155000e-01  7.78574718e+00  3.52403556e+00
  3.42000000e+00 -1.30844127e-01 -4.57727924e-01  8.28704938e+00  4.98013380e+00
  3.43000000e+00 -4.55798025e-02 -3.99552324e-01  8.66477577e+00  7.03027715e+00
  3.44000000e+00  4.24513887e-02 -3.17122382e-01  8.54727779e+00  1.01541923e+01
  3.45000000e+00  1.25365753e-01 -1.96468478e-01  6.33659398e+00  1.51289457e+01
  3.46000000e+00  1.69183268e-01 -1.45434672e-02 -2.43878793e+00  1.87788138e+01
  3.47000000e+00  7.65899948e-02  1.79107797e-01 -1.13046373e+01  1.45821132e+01
  3.48000000e+00 -5.69094773e-02  2.77098797e-01 -1.28537016e+01  7.38282281e+00
  3.49000000e+00 -1.80484036e-01  3.26764253e-01 -1.16725813e+01  3.72658809e+00
  3.50000000e+00 -2.90361104e-01  3.51630559e-01 -1.03833151e+01  1.75470554e+00
  3.51000000e+00 -3.88150338e-01  3.61858364e-01 -9.26620879e+00  5.44795344e-01
  3.52000000e+00 -4.75685279e-01  3.62526466e-01 -8.31459215e+00 -2.67683176e-01
  3.53000000e+00 -5.54442181e-01  3.56504700e-01 -7.49357108e+00 -8.47878027e-01
  3.54000000e+00 -6.25556701e-01  3.45568906e-01 -6.77315524e+00 -1.28046076e+00
  3.55000000e+00 -6.89905286e-01  3.30895485e-01 -6.13085952e+00 -1.61314740e+00
  3.56000000e+00 -7.48173891e-01  3.13305958e-01 -5.55012311e+00 -1.87483957e+00
  3.57000000e+00 -8.00907748e-01  2.93398694e-01 -5.01862612e+00 -2.08405314e+00
  3.58000000e+00 -8.48546414e-01  2.71624895e-01 -4.52704044e+00 -2.25318938e+00
  3.59000000e+00 -8.91448557e-01  2.48334906e-01 -4.06816549e+00 -2.39085603e+00
  3.60000000e+00 -9.29909724e-01  2.23807774e-01 -3.63633591e+00 -2.50320257e+00
  3.61000000e+00 -9.64175275e-01  1.98270855e-01 -3.22701201e+00 -2.59472555e+00
  3.62000000e+00 -9.94449964e-01  1.71913263e-01 -2.83649197e+00 -2.66877385e+00
  3.63000000e+00 -1.02090511e+00  1.44895378e-01 -2.46170601e+00 -2.72787627e+00
  3.64000000e+00 -1.04368408e+00  1.17355738e-01 -2.10006624e+00 -2.77395993e+00
  3.65000000e+00 -1.06290644e+00  8.94161790e-02 -1.74935517e+00 -2.80849931e+00
  3.66000000e+00 -1.07867119e+00  6.11857517e-02 -1.40764117e+00 -2.83261953e+00
  3.67000000e+00 -1.09105926e+00  3.27637884e-02 -1.07321307e+00 -2.84716902e+00
  3.68000000e+00 -1.10013545e+00  4.24237136e-03 -7.44528431e-01 -2.85277062e+00
  3.69000000e+00 -1.10594983e+00 -2.42916240e-02 -4.20171586e-01 -2.84985739e+00
  3.70000000e+00 -1.10853888e+00 -5.27547765e-02 -9.88185830e-02 -2.83869683e+00
  3.71000000e+00 -1.10792620e+00 -8.10655606e-02  2.20793102e-01 -2.81940614e+00
  3.72000000e+00 -1.10412302e+00 -1.09142899e-01  5.39891776e-01 -2.79196000e+00
  3.73000000e+00 -1.09712837e+00 -1.36904761e-01  8.59697087e-01 -2.75619163e+00
  3.74000000e+00 -1.08692908e+00 -1.64266732e-01  1.18144517e+00 -2.71178735e+00
  3.75000000e+00 -1.07349946e+00 -1.91140507e-01  1.50641465e+00 -2.65827407e+00
  3.76000000e+00 -1.05680078e+00 -2.17432213e-01  1.83595474e+00 -2.59499897e+00
  3.77000000e+00 -1.03678037e+00 -2.43040487e-01  2.17151701e+00 -2.52109914e+00
  3.78000000e+00 -1.01337044e+00 -2.67854196e-01  2.51469256e+00 -2.43545854e+00
  3.79000000e+00 -9.86486518e-01 -2.91749658e-01  2.86725697e+00 -2.33664766e+00
  3.80000000e+00 -9.56025304e-01 -3.14587149e-01  3.23122611e+00 -2.22283911e+00
  3.81000000e+00 -9.21861996e-01 -3.36206440e-01  3.60892716e+00 -2.09168846e+00
  3.82000000e+00 -8.83846761e-01 -3.56420919e-01  4.00309049e+00 -1.94016377e+00
  3.83000000e+00 -8.41800186e-01 -3.75009715e-01  4.41697112e+00 -1.76429703e+00
  3.84000000e+00 -7.95507339e-01 -3.91706859e-01  4.85451127e+00 -1.55881314e+00
  3.85000000e+00 -7.44709961e-01 -4.06185978e-01  5.32056098e+00 -1.31656006e+00
  3.86000000e+00 -6.89096119e-01 -4.18038060e-01  5.82117943e+00 -1.02760424e+00
  3.87000000e+00 -6.28286372e-01 -4.26738063e-01  6.36404478e+00 -6.77736345e-01
  3.88000000e+00 -5.61815223e-01 -4.31592787e-01  6.95899393e+00 -2.45883453e-01
  3.89000000e+00 -4.89106494e-01 -4.31655732e-01  7.61865286e+00  3.00634985e-01
  3.90000000e+00 -4.09442166e-01 -4.25580088e-01  8.35883355e+00  1.01543147e+00
  3.91000000e+00 -3.21929823e-01 -4.11347103e-01  9.19711266e+00  1.99302130e+00
  3.92000000e+00 -2.25499913e-01 -3.85719662e-01  1.01420338e+01  3.41636144e+00
  3.93000000e+00 -1.19089146e-01 -3.43019874e-01  1.11321057e+01  5.68432011e+00
  3.94000000e+00 -2.85779941e-03 -2.72033260e-01  1.16511518e+01  9.76560507e+00
  3.95000000e+00  1.13933890e-01 -1.47707772e-01  8.21466099e+00  1.69240547e+01
  3.96000000e+00  1.61435420e-01  6.64478345e-02 -1.23915226e+00  1.89503249e+01
  3.97000000e+00  8.91508445e-02  2.31298726e-01 -8.38378333e+00  1.34876372e+01
  3.98000000e+00 -6.24024639e-03  3.36200579e-01 -9.50671157e+00  8.74473112e+00
  3.99000000e+00 -1.00983387e-01  4.06193349e-01 -9.20247417e+00  5.90583426e+00
  4.00000000e+00 -1.90289730e-01  4.54317264e-01 -8.61631550e+00  4.06195453e+00
  4.01000000e+00 -2.73309697e-01  4.87432439e-01 -7.99285996e+00  2.76018956e+00
  4.02000000e+00 -3.50146929e-01  5.09521055e-01 -7.39122770e+00  1.78323279e+00
  4.03000000e+00 -4.21134251e-01  5.23097095e-01 -6.82425410e+00  1.01667067e+00
  4.04000000e+00 -4.86632011e-01  5.29854469e-01 -6.29179139e+00  3.94838660e-01
  4.05000000e+00 -5.46970079e-01  5.30993868e-01 -5.79009164e+00 -1.22656615e-01
  4.06000000e+00 -6.02433844e-01  5.27401336e-01 -5.31470527e+00 -5.62069998e-01
  4.07000000e+00 -6.53264184e-01  5.19752468e-01 -4.86138497e+00 -9.41236075e-01
  4.08000000e+00 -6.99661543e-01  5.08576615e-01 -4.42632739e+00 -1.27270973e+00
  4.09000000e+00 -7.41790732e-01  4.94298274e-01 -4.00618999e+00 -1.56558960e+00
  4.10000000e+00 -7.79785343e-01  4.77264823e-01 -3.59803547e+00 -1.82662691e+00
  4.11000000e+00 -8.13751441e-01  4.57765735e-01 -3.19925837e+00 -2.06092636e+00
  4.12000000e+00 -8.43770510e-01  4.36046296e-01 -2.80751288e+00 -2.27240350e+00
  4.13000000e+00 -8.69901699e-01  4.12317665e-01 -2.42064726e+00 -2.46409109e+00
  4.14000000e+00 -8.92183456e-01  3.86764474e-01 -2.03664520e+00 -2.63834823e+00
  4.15000000e+00 -9.10634603e-01  3.59550701e-01 -1.65357281e+00 -2.79700484e+00
  4.16000000e+00 -9.25254912e-01  3.30824377e-01 -1.26952906e+00 -2.94146127e+00
  4.17000000e+00 -9.36025184e-01  3.00721475e-01 -8.82597444e-01 -3.07275562e+00
  4.18000000e+00 -9.42906861e-01  2.69369265e-01 -4.90796136e-01 -3.19160607e+00
  4.19000000e+00 -9.45841107e-01  2.36889354e-01 -9.20240451e-02 -3.29843259e+00
  4.20000000e+00 -9.44747341e-01  2.03400613e-01  3.16000848e-01 -3.39335956e+00
  4.21000000e+00 -9.39521090e-01  1.69022163e-01  7.35815132e-01 -3.47619841e+00
  4.22000000e+00 -9.30031039e-01  1.33876645e-01  1.17030143e+00 -3.54640710e+00
  4.23000000e+00 -9.16115061e-01  9.80940206e-02  1.62280593e+00 -3.60301926e+00
  4.24000000e+00 -8.97574920e-01  6.18162593e-02  2.09729376e+00 -3.64453087e+00
  4.25000000e+00 -8.74169186e-01  2.52034031e-02  2.59856019e+00 -3.66872370e+00
  4.26000000e+00 -8.45603716e-01 -1.15582147e-02  3.13252487e+00 -3.67238956e+00
  4.27000000e+00 -8.11518689e-01 -4.82443880e-02  3.70665246e+00 -3.65089247e+00
  4.28000000e+00 -7.71470667e-01 -8.45760642e-02  4.33056995e+00 -3.59745381e+00
  4.29000000e+00 -7.24907290e-01 -1.20193464e-01  5.01699734e+00 -3.50194073e+00
  4.30000000e+00 -6.71130720e-01 -1.54614879e-01  5.78319040e+00 -3.34871479e+00
  4.31000000e+00 -6.09243482e-01 -1.87167760e-01  6.65323452e+00 -3.11258423e+00
  4.32000000e+00 -5.38066030e-01 -2.16866563e-01  7.66174451e+00 -2.75062236e+00
  4.33000000e+00 -4.56008592e-01 -2.42180207e-01  8.85966372e+00 -2.18407608e+00
  4.34000000e+00 -3.60872756e-01 -2.60548085e-01  1.03213943e+01 -1.25355301e+00
  4.35000000e+00 -2.49580705e-01 -2.67251267e-01  1.21367781e+01  4.08592003e-01
  4.36000000e+00 -1.18137193e-01 -2.52376245e-01  1.42220634e+01  3.78981670e+00
  4.37000000e+00  3.48605632e-02 -1.91454933e-01  1.43660552e+01  1.12201432e+01
  4.38000000e+00  1.69183911e-01 -2.79733809e-02  6.80953853e+00  1.74431885e+01
  4.39000000e+00  1.71051334e-01  1.57408836e-01 -2.50126352e+00  1.60646024e+01
  4.40000000e+00  1.19158640e-01  2.93318668e-01 -5.93045779e+00  1.17664877e+01
  4.41000000e+00  5.24421779e-02  3.92738589e-01 -6.83805906e+00  8.69572931e+00
  4.42000000e+00 -1.76025409e-02  4.67233254e-01 -6.97047963e+00  6.54719280e+00
  4.43000000e+00 -8.69674147e-02  5.23682445e-01 -6.82173559e+00  4.95393042e+00
  4.44000000e+00 -1.54037253e-01  5.66311863e-01 -6.55656865e+00  3.70994641e+00
  4.45000000e+00 -2.18098788e-01  5.97881374e-01 -6.23913928e+00  2.69910950e+00
  4.46000000e+00 -2.78820038e-01  6.20294053e-01 -5.89714900e+00  1.85199674e+00
  4.47000000e+00 -3.36041768e-01  6.34921308e-01 -5.54324161e+00  1.12465056e+00
  4.48000000e+00 -3.89684871e-01  6.42787064e-01 -5.18320270e+00  4.87837758e-01
  4.49000000e+00 -4.39705822e-01  6.44678063e-01 -4.81944567e+00 -7.86929635e-02
  4.50000000e+00 -4.86073784e-01  6.41213205e-01 -4.45261272e+00 -5.89454917e-01
  4.51000000e+00 -5.28758076e-01  6.32888965e-01 -4.08235106e+00 -1.05514741e+00
  4.52000000e+00 -5.67720805e-01  6.20110256e-01 -3.70769987e+00 -1.48384545e+00
  4.53000000e+00 -6.02912074e-01  6.03212056e-01 -3.32728091e+00 -1.88176144e+00
  4.54000000e+00 -6.34266423e-01  5.82475027e-01 -2.93938249e+00 -2.25374654e+00
  4.55000000e+00 -6.61699724e-01  5.58137125e-01 -2.54197993e+00 -2.60362703e+00
  4.56000000e+00 -6.85106022e-01  5.30402487e-01 -2.13271262e+00 -2.93443133e+00
  4.57000000e+00 -7.04353976e-01  4.99448499e-01 -1.70882517e+00 -3.24854060e+00
  4.58000000e+00 -7.19282525e-01  4.65431675e-01 -1.26707232e+00 -3.54778125e+00
  4.59000000e+00 -7.29695422e-01  4.28492874e-01 -8.03580600e-01 -3.83346806e+00
  4.60000000e+00 -7.35354137e-01  3.88762314e-01 -3.13652151e-01 -4.10639767e+00
  4.61000000e+00 -7.35968465e-01  3.46364920e-01  2.08513712e-01 -4.36678287e+00
  4.62000000e+00 -7.31183863e-01  3.01426656e-01  7.70221750e-01 -4.61410350e+00
  4.63000000e+00 -7.20564030e-01  2.54082850e-01  1.38087185e+00 -4.84682604e+00
  4.64000000e+00 -7.03566426e-01  2.04490136e-01  2.05285373e+00 -5.06189730e+00
  4.65000000e+00 -6.79506956e-01  1.52844904e-01  2.80294515e+00 -5.25382192e+00
  4.66000000e+00 -6.47507523e-01  9.94136973e-02  3.65457768e+00 -5.41292202e+00
  4.67000000e+00 -6.06415402e-01  4.45864637e-02  4.64166003e+00 -5.52187139e+00
  4.68000000e+00 -5.54674322e-01 -1.10237305e-02  5.81531220e+00 -5.54827598e+00
  4.69000000e+00 -4.90109158e-01 -6.63790558e-02  7.25617169e+00 -5.42722939e+00
  4.70000000e+00 -4.09550889e-01 -1.19568318e-01  9.09677365e+00 -5.01502202e+00
  4.71000000e+00 -3.08173685e-01 -1.66679496e-01  1.15521349e+01 -3.94611443e+00
  4.72000000e+00 -1.78508190e-01 -1.98490607e-01  1.48187388e+01 -1.12158545e+00
  4.73000000e+00 -1.17989086e-02 -1.89111205e-01  1.70132928e+01  6.42531062e+00
  4.74000000e+00  1.61757665e-01 -6.99843945e-02  1.15235970e+01  1.44359199e+01
  4.75000000e+00  2.18673031e-01  9.96071922e-02  2.58042505e+00  1.55420242e+01
  4.76000000e+00  2.13366166e-01  2.40856090e-01 -1.79487935e+00  1.26978193e+01
  4.77000000e+00  1.82775444e-01  3.53563579e-01 -3.63128422e+00  1.01638533e+01
  4.78000000e+00  1.40740482e-01  4.44133157e-01 -4.47820508e+00  8.19006217e+00
  4.79000000e+00  9.32113427e-02  5.17364822e-01 -4.87956188e+00  6.62021350e+00
  4.80000000e+00  4.31492444e-02  5.76537427e-01 -5.05028375e+00  5.32836802e+00
  4.81000000e+00 -7.79433236e-03  6.23932183e-01 -5.08802488e+00  4.23253939e+00
  4.82000000e+00 -5.86112533e-02  6.61188215e-01 -5.04213391e+00  3.27935083e+00
  4.83000000e+00 -1.08637011e-01  6.89519199e-01 -4.93952430e+00  2.43291108e+00
  4.84000000e+00 -1.57401739e-01  7.09846436e-01 -4.79564188e+00  1.66819406e+00
  4.85000000e+00 -2.04549848e-01  7.22883081e-01 -4.61958660e+00  9.67139989e-01
  4.86000000e+00 -2.49793471e-01  7.29189236e-01 -4.41668940e+00  3.16300177e-01
  4.87000000e+00 -2.92883636e-01  7.29209084e-01 -4.18988099e+00 -2.94633661e-01
  4.88000000e+00 -3.33591091e-01  7.23296563e-01 -3.94044158e+00 -8.73778733e-01
  4.89000000e+00 -3.71692468e-01  7.11733509e-01 -3.66840928e+00 -1.42769329e+00
  4.90000000e+00 -4.06959277e-01  6.94742697e-01 -3.37278270e+00 -1.96180933e+00
  4.91000000e+00 -4.39148122e-01  6.72497323e-01 -3.05158432e+00 -2.48073557e+00
  4.92000000e+00 -4.67990963e-01  6.45127986e-01 -2.70181236e+00 -2.98847199e+00
  4.93000000e+00 -4.93184369e-01  6.12727883e-01 -2.31928331e+00 -3.48855967e+00
  4.94000000e+00 -5.14376629e-01  5.75356792e-01 -1.89834499e+00 -3.98417589e+00
  4.95000000e+00 -5.31151269e-01  5.33044365e-01 -1.43141220e+00 -4.47817144e+00
  4.96000000e+00 -5.43004873e-01  4.85793363e-01 -9.08235018e-01 -4.97302739e+00
  4.97000000e+00 -5.49315969e-01  4.33583817e-01 -3.14736414e-01 -5.47067299e+00
  4.98000000e+00 -5.49299602e-01  3.76379904e-01  3.68883057e-01 -5.97202840e+00
  4.99000000e+00 -5.41938308e-01  3.14143249e-01  1.17135465e+00 -6.47595078e+00
  5.00000000e+00 -5.25872509e-01  2.46860888e-01  2.13604087e+00 -6.97678152e+00
  5.01000000e+00 -4.99217491e-01  1.74607619e-01  3.33164413e+00 -7.45831861e+00
  5.02000000e+00 -4.59239626e-01  9.76945159e-02  4.87361275e+00 -7.87762572e+00
  5.03000000e+00 -4.01745236e-01  1.70551044e-02  6.96914538e+00 -8.11572077e+00
  5.04000000e+00 -3.19856719e-01 -6.46198996e-02  1.00058661e+01 -7.80041326e+00
  5.05000000e+00 -2.01627913e-01 -1.38953161e-01  1.45334993e+01 -5.56528592e+00
  5.06000000e+00 -2.91867326e-02 -1.75925618e-01  1.82599923e+01  2.42602638e+00
  5.07000000e+00  1.63571933e-01 -9.04326332e-02  1.43308351e+01  1.12832163e+01
  5.08000000e+00  2.57429968e-01  4.97387080e-02  6.56654153e+00  1.34724172e+01
  5.09000000e+00  2.94902764e-01  1.79015712e-01  2.32949559e+00  1.20670587e+01
  5.10000000e+00  3.04019880e-01  2.91079882e-01  1.06890364e-01  1.04358514e+01
  5.11000000e+00  2.97040571e-01  3.87732739e-01 -1.20110976e+00  9.00847674e+00
  5.12000000e+00  2.79997685e-01  4.71249417e-01 -2.03985022e+00  7.78690162e+00
  5.13000000e+00  2.56243567e-01  5.43470772e-01 -2.60858769e+00  6.72758934e+00
  5.14000000e+00  2.27825931e-01  6.05801204e-01 -3.00763350e+00  5.79198623e+00
  5.15000000e+00  1.96090897e-01  6.59310496e-01 -3.29243580e+00  4.95104662e+00
  5.16000000e+00  1.61977215e-01  7.04822136e-01 -3.49589945e+00  4.18333734e+00
  5.17000000e+00  1.26172908e-01  7.42977243e-01 -3.63862074e+00  3.47285530e+00
  5.18000000e+00  8.92048006e-02  7.74279242e-01 -3.73400148e+00  2.80739172e+00
  5.19000000e+00  5.14928781e-02  7.99125078e-01 -3.79098624e+00  2.17739782e+00
  5.20000000e+00  1.33850758e-02  8.17827199e-01 -3.81560850e+00  1.57520523e+00
  5.21000000e+00 -2.48192919e-02  8.30629182e-01 -3.81189956e+00  9.94482700e-01
  5.22000000e+00 -6.28529154e-02  8.37716853e-01 -3.78243536e+00  4.29847907e-01
  5.23000000e+00 -1.00467999e-01  8.39226140e-01 -3.72866480e+00 -1.23419213e-01
  5.24000000e+00 -1.37426211e-01  8.35248469e-01 -3.65109611e+00 -6.69597267e-01
  5.25000000e+00 -1.73489921e-01  8.25834195e-01 -3.54938192e+00 -1.21270270e+00
  5.26000000e+00 -2.08413850e-01  8.10994414e-01 -3.42232131e+00 -1.75664519e+00
  5.27000000e+00 -2.41936348e-01  7.90701291e-01 -3.26778169e+00 -2.30537269e+00
  5.28000000e+00 -2.73769484e-01  7.64886961e-01 -3.08252831e+00 -2.86301794e+00
  5.29000000e+00 -3.03586914e-01  7.33440932e-01 -2.86193169e+00 -3.43405713e+00
  5.30000000e+00 -3.31008117e-01  6.96205818e-01 -2.59949594e+00 -4.02349184e+00
  5.31000000e+00 -3.55576833e-01  6.52971096e-01 -2.28610454e+00 -4.63706383e+00
  5.32000000e+00 -3.76730208e-01  6.03464541e-01 -1.90879384e+00 -5.28150707e+00
  5.33000000e+00 -3.93752709e-01  5.47340954e-01 -1.44869304e+00 -5.96481895e+00
  5.34000000e+00 -4.05704069e-01  4.84168162e-01 -8.77407649e-01 -6.69645688e+00
  5.35000000e+00 -4.11300862e-01  4.13411817e-01 -1.50303620e-01 -7.48711137e+00
  5.36000000e+00 -4.08710141e-01  3.34425935e-01  8.06854593e-01 -8.34680966e+00
  5.37000000e+00 -3.95163770e-01  2.46475624e-01  2.12679052e+00 -9.27664666e+00
  5.38000000e+00 -3.66174331e-01  1.48893002e-01  4.06918698e+00 -1.02341038e+01
  5.39000000e+00 -3.13780031e-01  4.17935473e-02  7.19207594e+00 -1.09700257e+01
  5.40000000e+00 -2.22332812e-01 -7.05075131e-02  1.26032934e+01 -1.01333031e+01
  5.41000000e+00 -6.17141622e-02 -1.60872515e-01  1.84432517e+01 -2.82885435e+00
  5.42000000e+00  1.46532221e-01 -1.27084600e-01  1.68609745e+01  6.81640147e+00
  5.43000000e+00  2.75505329e-01 -2.45444854e-02  1.03273899e+01  1.04829631e+01
  5.44000000e+00  3.53080018e-01  8.25746613e-02  6.29565148e+00  1.03700401e+01
  5.45000000e+00  4.01418358e-01  1.82856316e-01  3.91061937e+00  9.60761766e+00
  5.46000000e+00  4.31292406e-01  2.74727015e-01  2.35072106e+00  8.78151153e+00
  5.47000000e+00  4.48432779e-01  3.58486547e-01  1.24626208e+00  8.00200389e+00
  5.48000000e+00  4.56217647e-01  4.34767092e-01  4.18688965e-01  7.28517377e+00
  5.49000000e+00  4.56806559e-01  5.04190022e-01 -2.27434162e-01  6.62626786e+00
  5.50000000e+00  4.51668964e-01  5.67292450e-01 -7.47582563e-01  6.01656285e+00
  5.51000000e+00  4.41854907e-01  6.24521279e-01 -1.17620313e+00  5.44755469e+00
  5.52000000e+00  4.28144902e-01  6.76243543e-01 -1.53582688e+00  4.91188762e+00
  5.53000000e+00  4.11138370e-01  7.22759032e-01 -1.84181238e+00  4.40339860e+00
  5.54000000e+00  3.91308654e-01  7.64311515e-01 -2.10497940e+00  3.91694035e+00
  5.55000000e+00  3.69038782e-01  8.01097839e-01 -2.33315101e+00  3.44817533e+00
  5.56000000e+00  3.44645634e-01  8.33275022e-01 -2.53209691e+00  2.99339218e+00
  5.57000000e+00  3.18396844e-01  8.60965682e-01 -2.70613150e+00  2.54935412e+00
  5.58000000e+00  2.90523004e-01  8.84262104e-01 -2.85850375e+00  2.11317556e+00
  5.59000000e+00  2.61226768e-01  9.03229194e-01 -2.99165657e+00  1.68222078e+00
  5.60000000e+00  2.30689872e-01  9.17906520e-01 -3.10740062e+00  1.25401847e+00
  5.61000000e+00  1.99078756e-01  9.28309563e-01 -3.20702984e+00  8.26186532e-01
  5.62000000e+00  1.66549276e-01  9.34430250e-01 -3.29139470e+00  3.96362463e-01
  5.63000000e+00  1.33250862e-01  9.36236812e-01 -3.36094266e+00 -3.78652999e-02
  5.64000000e+00  9.93304225e-02  9.33672944e-01 -3.41573018e+00 -4.79029499e-01
  5.65000000e+00  6.49362583e-02  9.26656222e-01 -3.45540720e+00 -9.29864677e-01
  5.66000000e+00  3.02222784e-02  9.15075651e-01 -3.47917076e+00 -1.39340244e+00
  5.67000000e+00 -4.64715691e-03  8.98788173e-01 -3.48568017e+00 -1.87308947e+00
  5.68000000e+00 -3.94913250e-02  8.77613861e-01 -3.47291931e+00 -2.37293951e+00
  5.69000000e+00 -7.41055432e-02  8.51329383e-01 -3.43798114e+00 -2.89773585e+00
  5.70000000e+00 -1.08250948e-01  8.19659144e-01 -3.37673130e+00 -3.45330891e+00
  5.71000000e+00 -1.41640169e-01  7.82263205e-01 -3.28327498e+00 -4.04692712e+00
  5.72000000e+00 -1.73916448e-01  7.38720602e-01 -3.14908844e+00 -4.68786107e+00
  5.73000000e+00 -2.04621938e-01  6.88505984e-01 -2.96155063e+00 -5.38821660e+00
  5.74000000e+00 -2.33147460e-01  6.30956270e-01 -2.70134063e+00 -6.16418829e+00
  5.75000000e+00 -2.58648751e-01  5.65222218e-01 -2.33754728e+00 -7.03795781e+00
  5.76000000e+00 -2.79898406e-01  4.90197114e-01 -1.81778953e+00 -8.04047978e+00
  5.77000000e+00 -2.95004541e-01  4.04412622e-01 -1.04636990e+00 -9.21486648e+00
  5.78000000e+00 -3.00825804e-01  3.05899784e-01  1.69786308e-01 -1.06158787e+01
  5.79000000e+00 -2.91608815e-01  1.92095048e-01  2.27355773e+00 -1.22710002e+01
  5.80000000e+00 -2.55354649e-01  6.04797799e-02  6.41466396e+00 -1.38221494e+01
  5.81000000e+00 -1.63315536e-01 -8.43479409e-02  1.43947995e+01 -1.18018224e+01
  5.82000000e+00  3.25413407e-02 -1.75556669e-01  1.84571750e+01 -3.03268069e+00
  5.83000000e+00  2.05827963e-01 -1.45001555e-01  1.47830233e+01  4.84886154e+00
  5.84000000e+00  3.28201806e-01 -7.85794379e-02  1.05518573e+01  7.04576756e+00
  5.85000000e+00  4.16865109e-01 -4.08620357e-03  7.73059775e+00  7.46045613e+00
  5.86000000e+00  4.82813761e-01  7.06296847e-02  5.77455783e+00  7.35158800e+00
  5.87000000e+00  5.32356266e-01  1.42945556e-01  4.32681082e+00  7.06311032e+00
  5.88000000e+00  5.69349978e-01  2.11891891e-01  3.19810566e+00  6.70808020e+00
  5.89000000e+00  5.96318379e-01  2.77107160e-01  2.28283705e+00  6.32914108e+00
  5.90000000e+00  6.15006719e-01  3.38474713e-01  1.51791599e+00  5.94362422e+00
  5.91000000e+00  6.26676698e-01  3.95979645e-01  8.63333613e-01  5.55861611e+00
  5.92000000e+00  6.32273391e-01  4.49647035e-01  2.92435242e-01  5.17669309e+00
  5.93000000e+00  6.32525403e-01  4.99513507e-01 -2.13270319e-01  4.79832309e+00
  5.94000000e+00  6.28007985e-01  5.45613497e-01 -6.67046215e-01  4.42294255e+00
  5.95000000e+00  6.19184479e-01  5.87972357e-01 -1.07867229e+00  4.04946062e+00
  5.96000000e+00  6.06434539e-01  6.26602709e-01 -1.45552668e+00  3.67649854e+00
  5.97000000e+00  5.90073945e-01  6.61502328e-01 -1.80328037e+00  3.30249879e+00
  5.98000000e+00  5.70368932e-01  6.92652685e-01 -2.12635619e+00  2.92576652e+00
  5.99000000e+00  5.47546822e-01  7.20017659e-01 -2.42823881e+00  2.54447251e+00
  6.00000000e+00  5.21804155e-01  7.43542135e-01 -2.71168668e+00  2.15663163e+00
  6.01000000e+00  4.93313088e-01  7.63150291e-01 -2.97887685e+00  1.76006260e+00
  6.02000000e+00  4.62226618e-01  7.78743387e-01 -3.23150077e+00  1.35232972e+00
  6.03000000e+00  4.28683072e-01  7.90196886e-01 -3.47082181e+00  9.30664381e-01
  6.04000000e+00  3.92810182e-01  7.97356675e-01 -3.69769891e+00  4.91860339e-01
  6.05000000e+00  3.54729094e-01  8.00034093e-01 -3.91257582e+00  3.21332785e-02
  6.06000000e+00  3.14558666e-01  7.97999340e-01 -4.11542944e+00 -4.53070735e-01
  6.07000000e+00  2.72420505e-01  7.90972678e-01 -4.30566228e+00 -9.69341746e-01
  6.08000000e+00  2.28445420e-01  7.78612506e-01 -4.48191057e+00 -1.52368547e+00
  6.09000000e+00  1.82782294e-01  7.60498968e-01 -4.64171476e+00 -2.12507802e+00
  6.10000000e+00  1.35611125e-01  7.36110945e-01 -4.78095099e+00 -2.78530021e+00
  6.11000000e+00  8.71632743e-02  7.04792964e-01 -4.89282367e+00 -3.52023309e+00
  6.12000000e+00  3.77546516e-02  6.65706283e-01 -4.96600198e+00 -4.35194232e+00
  6.13000000e+00 -1.21567653e-02  6.17754118e-01 -4.98096870e+00 -5.31216377e+00
  6.14000000e+00 -6.18647224e-02  5.59463008e-01 -4.90231924e+00 -6.44836623e+00
  6.15000000e+00 -1.10203150e-01  4.88786793e-01 -4.66091507e+00 -7.83461203e+00
  6.16000000e+00 -1.55083024e-01  4.02770767e-01 -4.10721798e+00 -9.59051016e+00
  6.17000000e+00 -1.92347510e-01  2.96976590e-01 -2.86931601e+00 -1.19027950e+01
  6.18000000e+00 -2.12469344e-01  1.64714868e-01  1.46311304e-01 -1.48995250e+01
  6.19000000e+00 -1.89421284e-01 -1.01391006e-03  7.80595651e+00 -1.65434319e+01
  6.20000000e+00 -5.63502136e-02 -1.66153771e-01  1.53666512e+01 -1.04412311e+01
  6.21000000e+00  1.17911741e-01 -2.09838533e-01  1.57571395e+01 -1.39818449e+00
  6.22000000e+00  2.58792576e-01 -1.94117461e-01  1.25792531e+01  2.70386425e+00
  6.23000000e+00  3.69496802e-01 -1.55761248e-01  9.93918439e+00  4.31249441e+00
  6.24000000e+00  4.57576263e-01 -1.07867573e-01  7.93864335e+00  4.99429417e+00
  6.25000000e+00  5.28269669e-01 -5.58753641e-02  6.37372241e+00  5.27279675e+00
  6.26000000e+00  5.85050712e-01 -2.41163760e-03  5.10142855e+00  5.34874977e+00
  6.27000000e+00  6.30298240e-01  5.10996312e-02  4.03274749e+00  5.31123895e+00
  6.28000000e+00  6.65705661e-01  1.03813141e-01  3.11109433e+00  5.20434980e+00
  6.29000000e+00  6.92520127e-01  1.55186627e-01  2.29902100e+00  5.05165097e+00
  6.30000000e+00  7.11686081e-01  2.04846161e-01  1.57073420e+00  4.86640334e+00
  6.31000000e+00  7.23934811e-01  2.52514694e-01  9.07817906e-01  4.65626181e+00
  6.32000000e+00  7.29842440e-01  2.97971397e-01  2.96698584e-01  4.42561321e+00
  6.33000000e+00  7.29868782e-01  3.41026958e-01 -2.72915209e-01  4.17680723e+00
  6.34000000e+00  7.24384135e-01  3.81507542e-01 -8.09028409e-01  3.91082863e+00
  6.35000000e+00  7.13688214e-01  4.19243531e-01 -1.31801528e+00  3.62766713e+00
  6.36000000e+00  6.98023830e-01  4.54060884e-01 -1.80506358e+00  3.32651091e+00
  6.37000000e+00  6.77586943e-01  4.85773749e-01 -2.27448227e+00  3.00582663e+00
  6.38000000e+00  6.52534185e-01  5.14177417e-01 -2.72991738e+00  2.66335592e+00
  6.39000000e+00  6.22988595e-01  5.39040868e-01 -3.17450310e+00  2.29603842e+00
  6.40000000e+00  5.89044122e-01  5.60098185e-01 -3.61096221e+00  1.89985644e+00
  6.41000000e+00  5.50769351e-01  5.77037997e-01 -4.04166088e+00  1.46958206e+00
  6.42000000e+00  5.08210905e-01  5.89489826e-01 -4.46861194e+00  9.98387425e-01
  6.43000000e+00  4.61397112e-01  5.97005745e-01 -4.89340535e+00  4.77249510e-01
  6.44000000e+00  4.10342798e-01  5.99034817e-01 -5.31701593e+00 -1.05972388e-01
  6.45000000e+00  3.55056793e-01  5.94886297e-01 -5.73937916e+00 -7.68004913e-01
  6.46000000e+00  2.95555215e-01  5.83674718e-01 -6.15849106e+00 -1.53258295e+00
  6.47000000e+00  2.31886972e-01  5.64234638e-01 -6.56845654e+00 -2.43462597e+00
  6.48000000e+00  1.64186084e-01  5.34982199e-01 -6.95502009e+00 -3.52782205e+00
  6.49000000e+00  9.27865703e-02  4.93678197e-01 -7.28445140e+00 -4.89922391e+00
  6.50000000e+00  1.84970559e-02  4.36997721e-01 -7.47258582e+00 -6.69892098e+00
  6.51000000e+00 -5.66651460e-02  3.59699778e-01 -7.28455772e+00 -9.20034443e+00
  6.52000000e+00 -1.27194099e-01  2.52990832e-01 -5.94709754e+00 -1.28703416e+01
  6.53000000e+00 -1.75607097e-01  1.02292945e-01 -7.11586287e-01 -1.74753894e+01
  6.54000000e+00 -1.41425824e-01 -9.65169559e-02  8.97952442e+00 -1.60855792e+01
  6.55000000e+00  3.98339166e-03 -2.19418638e-01  1.44665259e+01 -8.19220505e+00
  6.56000000e+00  1.47904695e-01 -2.60361057e-01  1.33047364e+01 -2.18007001e+00
  6.57000000e+00  2.70078121e-01 -2.63020038e-01  1.12223304e+01  7.03110963e-01
  6.58000000e+00  3.72351302e-01 -2.46298838e-01  9.40129255e+00  2.21851037e+00
  6.59000000e+00  4.58103972e-01 -2.18649830e-01  7.88390475e+00  3.09488305e+00
  6.60000000e+00  5.30029397e-01 -1.84401177e-01  6.60057437e+00  3.63081554e+00
  6.61000000e+00  5.90115459e-01 -1.46033520e-01  5.49012174e+00  3.96507297e+00
  6.62000000e+00  6.39831832e-01 -1.05099717e-01  4.50834629e+00  4.16948110e+00
  6.63000000e+00  6.80282385e-01 -6.26438976e-02  3.62389189e+00  4.28436486e+00
  6.64000000e+00  7.12309670e-01 -1.94124202e-02  2.81412352e+00  4.33373831e+00
  6.65000000e+00  7.36564855e-01  2.40308686e-02  2.06226090e+00  4.33247738e+00
  6.66000000e+00  7.53554888e-01  6.72371274e-02  1.35549747e+00  4.28997603e+00
  6.67000000e+00  7.63674804e-01  1.09830389e-01  6.83763313e-01  4.21212095e+00
  6.68000000e+00  7.67230154e-01  1.51479546e-01  3.88942477e-02  4.10239915e+00
  6.69000000e+00  7.64452689e-01  1.91878372e-01 -5.85942999e-01  3.96252496e+00
  6.70000000e+00  7.55511294e-01  2.30730046e-01 -1.19666269e+00  3.79277800e+00
  6.71000000e+00  7.40519436e-01  2.67733932e-01 -1.79856783e+00  3.59214747e+00
  6.72000000e+00  7.19539938e-01  3.02572995e-01 -2.39659156e+00  3.35832473e+00
  6.73000000e+00  6.92587605e-01  3.34900427e-01 -2.99549681e+00  3.08755092e+00
  6.74000000e+00  6.59630002e-01  3.64324013e-01 -3.60004974e+00  2.77429480e+00
  6.75000000e+00  6.20586610e-01  3.90386323e-01 -4.21517355e+00  2.41069744e+00
  6.76000000e+00  5.75326531e-01  4.12537962e-01 -4.84607639e+00  1.98565878e+00
  6.77000000e+00  5.23665082e-01  4.30099498e-01 -5.49831866e+00  1.48333082e+00
  6.78000000e+00  4.65360157e-01  4.42204579e-01 -6.17771440e+00  8.80563269e-01
  6.79000000e+00  4.00110794e-01  4.47710764e-01 -6.88976710e+00  1.42384973e-01
  6.80000000e+00  3.27564815e-01  4.45052278e-01 -7.63776381e+00 -7.86444443e-01
  6.81000000e+00  2.47355518e-01  4.31981875e-01 -8.41676784e+00 -1.99833221e+00
  6.82000000e+00  1.59229459e-01  4.05085634e-01 -9.19377420e+00 -3.65933038e+00
  6.83000000e+00  6.34800337e-02  3.58795267e-01 -9.83397102e+00 -6.09309078e+00
  6.84000000e+00 -3.74499617e-02  2.83223818e-01 -9.77596954e+00 -9.95475607e+00
  6.85000000e+00 -1.32039357e-01  1.59700146e-01 -6.52964929e+00 -1.58953115e+01
  6.86000000e+00 -1.68042947e-01 -3.46824113e-02  2.96584717e+00 -1.80830554e+01
  6.87000000e+00 -7.27224138e-02 -2.01960961e-01  1.09834124e+01 -1.26972151e+01
  6.88000000e+00  5.16253000e-02 -2.88626714e-01  1.20305049e+01 -6.40640217e+00
  6.89000000e+00  1.67887684e-01 -3.30089005e-01  1.09737414e+01 -2.86333529e+00
  6.90000000e+00  2.71100128e-01 -3.45893419e-01  9.69078171e+00 -7.76041577e-01
  6.91000000e+00  3.61703318e-01 -3.45609836e-01  8.49008267e+00  5.73222755e-01
  6.92000000e+00  4.40901782e-01 -3.34428964e-01  7.40629385e+00  1.50762255e+00
  6.93000000e+00  5.09829195e-01 -3.15457385e-01  6.42574192e+00  2.18611433e+00
  6.94000000e+00  5.69416620e-01 -2.90706678e-01  5.52863190e+00  2.69465693e+00
  6.95000000e+00  6.20401833e-01 -2.61564247e-01  4.69728178e+00  3.08340753e+00
  6.96000000e+00  6.63362256e-01 -2.29038527e-01  3.91719828e+00  3.38337509e+00
  6.97000000e+00  6.98745799e-01 -1.93896745e-01  3.17663932e+00  3.61455144e+00
  6.98000000e+00  7.26895042e-01 -1.56747498e-01  2.46596313e+00  3.79017457e+00
  6.99000000e+00  7.48065061e-01 -1.18093254e-01  1.77705181e+00  3.91909070e+00
  7.00000000e+00  7.62436078e-01 -7.83656845e-02  1.10284750e+00  4.00711265e+00
  7.01000000e+00  7.70122011e-01 -3.79510005e-02  4.36981023e-01  4.05780998e+00
  7.02000000e+00  7.71175699e-01  2.79051519e-03 -2.26536822e-01  4.07295057e+00
  7.03000000e+00  7.65591275e-01  4.35080108e-02 -8.93589367e-01  4.05270339e+00
  7.04000000e+00  7.53303911e-01  8.38445831e-02 -1.57021901e+00  3.99564937e+00
  7.05000000e+00  7.34186895e-01  1.23420998e-01 -2.26290803e+00  3.89860171e+00
  7.06000000e+00  7.08045751e-01  1.61816617e-01 -2.97890262e+00  3.75619330e+00
  7.07000000e+00  6.74608842e-01  1.98544864e-01 -3.72661233e+00  3.56012665e+00
  7.08000000e+00  6.33513504e-01  2.33019150e-01 -4.51612385e+00  3.29787652e+00
  7.09000000e+00  5.84286365e-01  2.64502395e-01 -5.35986839e+00  2.95042762e+00
  7.10000000e+00  5.26316136e-01  2.92027703e-01 -6.27344726e+00  2.48818566e+00
  7.11000000e+00  4.58817420e-01  3.14266108e-01 -7.27643303e+00  1.86317330e+00
  7.12000000e+00  3.80787476e-01  3.29291169e-01 -8.39213754e+00  9.93036539e-01
  7.13000000e+00  2.90974669e-01  3.34126839e-01 -9.64164137e+00 -2.74726646e-01
  7.14000000e+00  1.87954648e-01  3.23796636e-01 -1.10089617e+01 -2.25092647e+00
  7.15000000e+00  7.07954363e-02  2.89108309e-01 -1.22458490e+01 -5.63290623e+00
  7.16000000e+00 -5.69623321e-02  2.11138511e-01 -1.17006834e+01 -1.17819578e+01
  7.17000000e+00 -1.63218231e-01  5.34691539e-02 -4.26665546e+00 -1.78500783e+01
  7.18000000e+00 -1.42295441e-01 -1.45863054e-01  5.41177068e+00 -1.65305032e+01
  7.19000000e+00 -5.49828172e-02 -2.77140911e-01  9.21244060e+00 -1.07024067e+01
  7.20000000e+00  4.19533709e-02 -3.59911189e-01  9.51955094e+00 -6.78372767e+00
  7.21000000e+00  1.35408202e-01 -4.12815464e-01  9.01954326e+00 -4.29674330e+00
  7.22000000e+00  2.22344236e-01 -4.45846055e-01  8.33869867e+00 -2.59140181e+00
  7.23000000e+00  3.02182175e-01 -4.64643500e-01  7.63348551e+00 -1.34110085e+00
  7.24000000e+00  3.75013946e-01 -4.72668072e-01  6.94617347e+00 -3.77697337e-01
  7.25000000e+00  4.41105644e-01 -4.72197447e-01  6.28645567e+00  3.92523508e-01
  7.26000000e+00  5.00743060e-01 -4.64817602e-01  5.65382138e+00  1.02566965e+00
  7.27000000e+00  5.54182072e-01 -4.51684054e-01  5.04455269e+00  1.55733772e+00
  7.28000000e+00  6.01634113e-01 -4.33670848e-01  4.45408021e+00  2.01116906e+00
  7.29000000e+00  6.43263676e-01 -4.11460673e-01  3.87777728e+00  2.40343091e+00
  7.30000000e+00  6.79189659e-01 -3.85602229e-01  3.31118846e+00  2.74561159e+00
  7.31000000e+00  7.09487445e-01 -3.56548441e-01  2.75004314e+00  3.04595814e+00
  7.32000000e+00  7.34190522e-01 -3.24683066e-01  2.19018395e+00  3.31041731e+00
  7.33000000e+00  7.53291124e-01 -2.90340095e-01  1.62745769e+00  3.54322034e+00
  7.34000000e+00  7.66739675e-01 -2.53818660e-01  1.05758330e+00  3.74724091e+00
  7.35000000e+00  7.74442790e-01 -2.15395277e-01  4.75996612e-01  3.92419591e+00
  7.36000000e+00  7.76259608e-01 -1.75334741e-01 -1.22337223e-01  4.07472267e+00
  7.37000000e+00  7.71996046e-01 -1.33900823e-01 -7.43160116e-01  4.19834068e+00
  7.38000000e+00  7.61396405e-01 -9.13679278e-02 -1.39323249e+00  4.29328192e+00
  7.39000000e+00  7.44131396e-01 -4.80351849e-02 -2.08076048e+00  4.35614246e+00
  7.40000000e+00  7.19781196e-01 -4.24507865e-03 -2.81600348e+00  4.38125757e+00
  7.41000000e+00  6.87811326e-01  3.95899664e-02 -3.61216688e+00  4.35960702e+00
  7.42000000e+00  6.47537858e-01  8.29470618e-02 -4.48675310e+00  4.27686139e+00
  7.43000000e+00  5.98076264e-01  1.25127194e-01 -5.46365719e+00  4.10974437e+00
  7.44000000e+00  5.38264714e-01  1.65141949e-01 -6.57645405e+00  3.81883515e+00
  7.45000000e+00  4.66547183e-01  2.01503897e-01 -7.87339276e+00  3.33315339e+00
  7.46000000e+00  3.80796859e-01  2.31805017e-01 -9.42342289e+00  2.51366556e+00
  7.47000000e+00  2.78078726e-01  2.51777209e-01 -1.13116519e+01  1.05573170e+00
  7.48000000e+00  1.54563822e-01  2.52919651e-01 -1.35230468e+01 -1.80282562e+00
  7.49000000e+00  7.61778996e-03  2.15720696e-01 -1.48441136e+01 -7.95373368e+00
  7.50000000e+00 -1.42318450e-01  9.38449774e-02 -9.32319818e+00 -1.59266583e+01
  7.51000000e+00 -1.78846174e-01 -1.02812470e-01  3.68492882e-01 -1.73540587e+01
  7.52000000e+00 -1.34948593e-01 -2.53236196e-01  5.51717419e+00 -1.29267332e+01
  7.53000000e+00 -6.85026899e-02 -3.61347133e-01  6.91639829e+00 -9.37732457e+00
  7.54000000e+00  3.37937306e-03 -4.40782687e-01  7.18041780e+00 -6.92767544e+00
  7.55000000e+00  7.51056660e-02 -4.99900642e-01  7.05786409e+00 -5.14792234e+00
  7.56000000e+00  1.44536655e-01 -5.43741134e-01  6.78290201e+00 -3.78139498e+00
  7.57000000e+00  2.10763706e-01 -5.75528542e-01  6.44201155e+00 -2.68532410e+00
  7.58000000e+00  2.73376886e-01 -5.97447616e-01  6.07105650e+00 -1.77610328e+00
  7.59000000e+00  3.32184836e-01 -6.11050607e-01  5.68589789e+00 -1.00178776e+00
  7.60000000e+00  3.87094844e-01 -6.17483371e-01  5.29360025e+00 -3.28388453e-01
  7.61000000e+00  4.38056841e-01 -6.17618376e-01  4.89702483e+00  2.67317205e-01
  7.62000000e+00  4.85035340e-01 -6.12137027e-01  4.49687613e+00  8.01773062e-01
  7.63000000e+00  5.27994364e-01 -6.01582915e-01  4.09266798e+00  1.28697116e+00
  7.64000000e+00  5.66888700e-01 -5.86397604e-01  3.68319270e+00  1.73186955e+00
  7.65000000e+00  6.01658218e-01 -5.66945524e-01  3.26674432e+00  2.14328758e+00
  7.66000000e+00  6.32223586e-01 -5.43531853e-01  2.84121002e+00  2.52648675e+00
  7.67000000e+00  6.58482418e-01 -5.16415789e-01  2.40408285e+00  2.88555360e+00
  7.68000000e+00  6.80305243e-01 -4.85820780e-01  1.95241915e+00  3.22365127e+00
  7.69000000e+00  6.97530801e-01 -4.51942764e-01  1.48274807e+00  3.54317743e+00
  7.70000000e+00  7.09960204e-01 -4.14957232e-01  9.90929467e-01  3.84584839e+00
  7.71000000e+00  7.17349391e-01 -3.75025796e-01  4.71946862e-01  4.13271475e+00
  7.72000000e+00  7.19399141e-01 -3.32302937e-01 -8.03903042e-02  4.40410115e+00
  7.73000000e+00  7.15741584e-01 -2.86943773e-01 -6.73878413e-01  4.65944405e+00
  7.74000000e+00  7.05921573e-01 -2.39114056e-01 -1.31855854e+00  4.89697250e+00
  7.75000000e+00  6.89370414e-01 -1.89004323e-01 -2.02768728e+00  5.11312097e+00
  7.76000000e+00  6.65367828e-01 -1.36851636e-01 -2.81925939e+00  5.30144796e+00
  7.77000000e+00  6.32985226e-01 -8.29753637e-02 -3.71848395e+00  5.45057779e+00
  7.78000000e+00  5.90998149e-01 -2.78400808e-02 -4.76197368e+00  5.54006200e+00
  7.79000000e+00  5.37745752e-01  2.78258763e-02 -6.00512205e+00  5.53141491e+00
  7.80000000e+00  4.70895708e-01  8.27882174e-02 -7.53545618e+00  5.34671612e+00
  7.81000000e+00  3.87036629e-01  1.34760199e-01 -9.49580335e+00  4.81074960e+00
  7.82000000e+00  2.80979641e-01  1.79003209e-01 -1.21056212e+01  3.46874813e+00
  7.83000000e+00  1.44924204e-01  2.04135161e-01 -1.54287574e+01 -5.49198577e-02
  7.84000000e+00 -2.75955065e-02  1.77904812e-01 -1.63184659e+01 -8.64122695e+00
  7.85000000e+00 -1.81445114e-01  3.13106222e-02 -9.64744510e+00 -1.56494990e+01
  7.86000000e+00 -2.20544409e-01 -1.35085169e-01 -1.39338241e+00 -1.50981744e+01
  7.87000000e+00 -2.09312763e-01 -2.70652867e-01  2.15470423e+00 -1.22229325e+01
  7.88000000e+00 -1.77450324e-01 -3.79543819e-01  3.66249333e+00 -9.87045787e+00
  7.89000000e+00 -1.36062896e-01 -4.68062024e-01  4.37064935e+00 -8.05405222e+00
  7.90000000e+00 -9.00373369e-02 -5.40624864e-01  4.71051063e+00 -6.60807512e+00
  7.91000000e+00 -4.18526835e-02 -6.00223526e-01  4.85639285e+00 -5.41593496e+00
  7.92000000e+00  7.09052006e-03 -6.48943563e-01  4.88919990e+00 -4.40336501e+00
  7.93000000e+00  5.59313144e-02 -6.88290827e-01  4.85055347e+00 -3.52215582e+00
  7.94000000e+00  1.04101589e-01 -7.19386679e-01  4.76352191e+00 -2.73983866e+00
  7.95000000e+00  1.51201753e-01 -7.43087600e-01  4.64157188e+00 -2.03371885e+00
  7.96000000e+00  1.96933027e-01 -7.60061056e-01  4.49281651e+00 -1.38738644e+00
  7.97000000e+00  2.41058083e-01 -7.70835329e-01  4.32218551e+00 -7.88609265e-01
  7.98000000e+00  2.83376737e-01 -7.75833242e-01  4.13259781e+00 -2.28014856e-01
  7.99000000e+00  3.23710039e-01 -7.75395626e-01  3.92562060e+00  3.01762686e-01
  8.00000000e+00  3.61889149e-01 -7.69797988e-01  3.70184635e+00  8.06652494e-01
  8.01000000e+00  3.97746966e-01 -7.59262576e-01  3.46110441e+00  1.29153870e+00
  8.02000000e+00  4.31111238e-01 -7.43967214e-01  3.20256767e+00  1.76053705e+00
  8.03000000e+00  4.61798320e-01 -7.24051835e-01  2.92478481e+00  2.21719483e+00
  8.04000000e+00  4.89606934e-01 -6.99623317e-01  2.62565195e+00  2.66463817e+00
  8.05000000e+00  5.14311359e-01 -6.70759071e-01  2.30232502e+00  3.10568148e+00
  8.06000000e+00  5.35653434e-01 -6.37509688e-01  1.95106419e+00  3.54290705e+00
  8.07000000e+00  5.53332642e-01 -5.99900930e-01  1.56698940e+00  3.97871748e+00
  8.08000000e+00  5.66993222e-01 -5.57935338e-01  1.14370881e+00  4.41535629e+00
  8.09000000e+00  5.76206819e-01 -5.11593805e-01  6.72754029e-01  4.85488156e+00
  8.10000000e+00  5.80448303e-01 -4.60837707e-01  1.42706484e-01  5.29905611e+00
  8.11000000e+00  5.79060948e-01 -4.05612682e-01 -4.62192292e-01  5.74907308e+00
  8.12000000e+00  5.71204457e-01 -3.45856246e-01 -1.16433417e+00  6.20493215e+00
  8.13000000e+00  5.55774265e-01 -2.81514039e-01 -1.99670342e+00  6.66402339e+00
  8.14000000e+00  5.31270389e-01 -2.12575778e-01 -3.01008637e+00  7.11777691e+00
  8.15000000e+00  4.95572537e-01 -1.39158501e-01 -4.28703969e+00  7.54313524e+00
  8.16000000e+00  4.45529595e-01 -6.17130730e-02 -5.97078115e+00  7.87841694e+00
  8.17000000e+00  3.76156914e-01  1.84098374e-02 -8.32732664e+00  7.94425892e+00
  8.18000000e+00  2.78983062e-01  9.71721055e-02 -1.18532832e+01  7.13227590e+00
  8.19000000e+00  1.39091251e-01  1.61055355e-01 -1.68381983e+01  3.08941530e+00
  8.20000000e+00 -5.77809045e-02  1.58960411e-01 -1.73299713e+01 -6.69448293e+00
  8.21000000e+00 -2.07508176e-01  2.71656968e-02 -1.05039447e+01 -1.37644970e+01
  8.22000000e+00 -2.67859799e-01 -1.16329529e-01 -3.91213505e+00 -1.34275076e+01
  8.23000000e+00 -2.85750877e-01 -2.41384455e-01 -7.11408720e-01 -1.15951198e+01
  8.24000000e+00 -2.82087973e-01 -3.48231926e-01  9.84935988e-01 -9.92104153e+00
  8.25000000e+00 -2.66052157e-01 -4.39805286e-01  1.99027486e+00 -8.51810139e+00
  8.26000000e+00 -2.42282476e-01 -5.18593953e-01  2.63197708e+00 -7.33303243e+00
  8.27000000e+00 -2.13412616e-01 -5.86465934e-01  3.06029058e+00 -6.31095062e+00
  8.28000000e+00 -1.81076664e-01 -6.44812966e-01  3.35256672e+00 -5.41104603e+00
  8.29000000e+00 -1.46361281e-01 -6.94686855e-01  3.55227952e+00 -4.60416005e+00
  8.30000000e+00 -1.10031074e-01 -7.36896167e-01  3.68553310e+00 -3.86924731e+00
  8.31000000e+00 -7.26506194e-02 -7.72071801e-01  3.76879603e+00 -3.19077134e+00
  8.32000000e+00 -3.46551534e-02 -8.00711594e-01  3.81283431e+00 -2.55696509e+00
  8.33000000e+00  3.60606676e-03 -8.23211103e-01  3.82484612e+00 -1.95868159e+00
  8.34000000e+00  4.18417689e-02 -8.39885225e-01  3.80968140e+00 -1.38862360e+00
  8.35000000e+00  7.97996948e-02 -8.50983575e-01  3.77056568e+00 -8.40815322e-01
  8.36000000e+00  1.17253082e-01 -8.56701532e-01  3.70953940e+00 -3.10230103e-01
  8.37000000e+00  1.53990483e-01 -8.57188177e-01  3.62772461e+00  2.07480381e-01
  8.38000000e+00  1.89807575e-01 -8.52551924e-01  3.52547946e+00  7.16190382e-01
  8.39000000e+00  2.24500072e-01 -8.42864369e-01  3.40247335e+00  1.21946106e+00
  8.40000000e+00  2.57857042e-01 -8.28162703e-01  3.25769883e+00  1.72067429e+00
  8.41000000e+00  2.89654049e-01 -8.08450884e-01  3.08942452e+00  2.22315094e+00
  8.42000000e+00  3.19645532e-01 -7.83699684e-01  2.89508381e+00  2.73026305e+00
  8.43000000e+00  3.47555725e-01 -7.53845623e-01  2.67108275e+00  3.24554750e+00
  8.44000000e+00  3.73067187e-01 -7.18788734e-01  2.41249507e+00  3.77282813e+00
  8.45000000e+00  3.95805626e-01 -6.78389060e-01  2.11258740e+00  4.31635216e+00
  8.46000000e+00  4.15318935e-01 -6.32461691e-01  1.76207434e+00  4.88094320e+00
  8.47000000e+00  4.31047113e-01 -5.80770196e-01  1.34792120e+00  5.47216330e+00
  8.48000000e+00  4.42277359e-01 -5.23018425e-01  8.51351677e-01  6.09644600e+00
  8.49000000e+00  4.48074147e-01 -4.58841276e-01  2.44379580e-01  6.76107122e+00
  8.50000000e+00  4.47164951e-01 -3.87797001e-01 -5.16574149e-01  7.47356999e+00
  8.51000000e+00  4.37742664e-01 -3.09369876e-01 -1.50325201e+00  8.23920956e+00
  8.52000000e+00  4.17099911e-01 -2.23012809e-01 -2.84240201e+00  9.05175142e+00
  8.53000000e+00  3.80894623e-01 -1.28334848e-01 -4.77843109e+00  9.85792828e+00
  8.54000000e+00  3.21531289e-01 -2.58542439e-02 -7.82730402e+00  1.04001128e+01
  8.55000000e+00  2.24348543e-01  7.96674086e-02 -1.30001178e+01  9.38676456e+00
  8.56000000e+00  6.15289325e-02  1.61881047e-01 -1.86203490e+01  2.06912516e+00
  8.57000000e+00 -1.48058436e-01  1.21049912e-01 -1.67804581e+01 -7.49919905e+00
  8.58000000e+00 -2.74080229e-01  1.18970664e-02 -9.98189730e+00 -1.10290238e+01
  8.59000000e+00 -3.47696382e-01 -9.95305632e-02 -5.91076450e+00 -1.07274466e+01
  8.60000000e+00 -3.92295519e-01 -2.02651866e-01 -3.56038935e+00 -9.84745430e+00
  8.61000000e+00 -4.18904169e-01 -2.96479649e-01 -2.04912332e+00 -8.94981787e+00
  8.62000000e+00 -4.33277986e-01 -3.81648223e-01 -9.93081043e-01 -8.12549999e+00
  8.63000000e+00 -4.38765790e-01 -4.58989649e-01 -2.10479743e-01 -7.38024876e+00
  8.64000000e+00 -4.37487581e-01 -5.29253198e-01  3.94547899e-01 -6.70368039e+00
  8.65000000e+00 -4.30874832e-01 -5.93063257e-01  8.77179565e-01 -6.08383106e+00
  8.66000000e+00 -4.19943989e-01 -6.50929820e-01  1.27141503e+00 -5.51023650e+00
  8.67000000e+00 -4.05446531e-01 -7.03267987e-01  1.59935632e+00 -4.97430955e+00
  8.68000000e+00 -3.87956863e-01 -7.50416011e-01  1.87599478e+00 -4.46909515e+00
  8.69000000e+00 -3.67926636e-01 -7.92649890e-01  2.11184995e+00 -3.98893388e+00
  8.70000000e+00 -3.45719864e-01 -8.30194688e-01  2.31450602e+00 -3.52916386e+00
  8.71000000e+00 -3.21636515e-01 -8.63233167e-01  2.48954756e+00 -3.08588291e+00
  8.72000000e+00 -2.95928912e-01 -8.91912346e-01  2.64115108e+00 -2.65576416e+00
  8.73000000e+00 -2.68813494e-01 -9.16348451e-01  2.77247039e+00 -2.23591346e+00
  8.74000000e+00 -2.40479505e-01 -9.36630615e-01  2.88589362e+00 -1.82375764e+00
  8.75000000e+00 -2.11095621e-01 -9.52823603e-01  2.98321708e+00 -1.41695504e+00
  8.76000000e+00 -1.80815163e-01 -9.64969716e-01  3.06576334e+00 -1.01332137e+00
  8.77000000e+00 -1.49780354e-01 -9.73090031e-01  3.13446016e+00 -6.10765796e-01
  8.78000000e+00 -1.18125960e-01 -9.77185032e-01  3.18989031e+00 -2.07232906e-01
  8.79000000e+00 -8.59825481e-02 -9.77234689e-01  3.23231827e+00  1.99353119e-01
  8.80000000e+00 -5.34795943e-02 -9.73197970e-01  3.26169656e+00  6.11145635e-01
  8.81000000e+00 -2.07486168e-02 -9.65011776e-01  3.27765203e+00  1.03043764e+00
  8.82000000e+00  1.20734463e-02 -9.52589217e-01  3.27944993e+00  1.45973314e+00
  8.83000000e+00  4.48403818e-02 -9.35817113e-01  3.26593058e+00  1.90183316e+00
  8.84000000e+00  7.73920579e-02 -9.14552554e-01  3.23540921e+00  2.35994368e+00
  8.85000000e+00  1.09548566e-01 -8.88618240e-01  3.18552320e+00  2.83781566e+00
  8.86000000e+00  1.41102522e-01 -8.57796241e-01  3.11300012e+00  3.33993219e+00
  8.87000000e+00  1.71808568e-01 -8.21819596e-01  3.01330156e+00  3.87176491e+00
  8.88000000e+00  2.01368553e-01 -7.80360942e-01  2.88006379e+00  4.44013402e+00
  8.89000000e+00  2.29409844e-01 -7.33016915e-01  2.70419194e+00  5.05372481e+00
  8.90000000e+00  2.55452392e-01 -6.79286446e-01  2.47233433e+00  5.72384326e+00
  8.91000000e+00  2.78856531e-01 -6.18540050e-01  2.16418610e+00  6.46553577e+00
  8.92000000e+00  2.98736114e-01 -5.49975731e-01  1.74743366e+00  7.29923986e+00
  8.93000000e+00  3.13805204e-01 -4.72555253e-01  1.16755977e+00  8.25306947e+00
  8.94000000e+00  3.22087309e-01 -3.84914341e-01  3.25332140e-01  9.36506209e+00
  8.95000000e+00  3.20311847e-01 -2.85254011e-01 -9.78825470e-01  1.06796129e+01
  8.96000000e+00  3.02510800e-01 -1.71322082e-01 -3.20120578e+00  1.21980104e+01
  8.97000000e+00  2.56287731e-01 -4.12938026e-02 -7.51417245e+00  1.34687735e+01
  8.98000000e+00  1.52227351e-01  9.80533880e-02 -1.54672827e+01  1.06746467e+01
  8.99000000e+00 -5.30579225e-02  1.72199131e-01 -1.87383213e+01  1.60447259e+00
  9.00000000e+00 -2.22539075e-01  1.30142840e-01 -1.43842943e+01 -5.70497450e+00
  9.01000000e+00 -3.40743808e-01  5.80996408e-02 -1.01919107e+01 -7.48200331e+00
  9.02000000e+00 -4.26377289e-01 -1.94972264e-02 -7.48096531e+00 -7.71019192e+00
  9.03000000e+00 -4.90363115e-01 -9.61041976e-02 -5.62279897e+00 -7.50865456e+00
  9.04000000e+00 -5.38833268e-01 -1.69670318e-01 -4.25703970e+00 -7.17083773e+00
  9.05000000e+00 -5.75503909e-01 -2.39520952e-01 -3.19807176e+00 -6.78987195e+00
  9.06000000e+00 -6.02794704e-01 -3.05467757e-01 -2.34351896e+00 -6.39929666e+00
  9.07000000e+00 -6.22374288e-01 -3.67506885e-01 -1.63259941e+00 -6.01179106e+00
  9.08000000e+00 -6.35446692e-01 -4.25703578e-01 -1.02691839e+00 -5.63187366e+00
  9.09000000e+00 -6.42912656e-01 -4.80144358e-01 -5.00967685e-01 -5.26063600e+00
  9.10000000e+00 -6.45466046e-01 -5.30916298e-01 -3.70886777e-02 -4.89767612e+00
  9.11000000e+00 -6.43654429e-01 -5.78097881e-01  3.77364391e-01 -4.54193891e+00
  9.12000000e+00 -6.37918758e-01 -6.21755076e-01  7.51705940e-01 -4.19209443e+00
  9.13000000e+00 -6.28620310e-01 -6.61939769e-01  1.09295992e+00 -3.84670838e+00
  9.14000000e+00 -6.16059559e-01 -6.98689244e-01  1.40652816e+00 -3.50431468e+00
  9.15000000e+00 -6.00489747e-01 -7.32026063e-01  1.69663290e+00 -3.16343978e+00
  9.16000000e+00 -5.82126901e-01 -7.61958039e-01  1.96661745e+00 -2.82260221e+00
  9.17000000e+00 -5.61157398e-01 -7.88478107e-01  2.21915461e+00 -2.48029845e+00
  9.18000000e+00 -5.37743809e-01 -8.11564008e-01  2.45639310e+00 -2.13498027e+00
  9.19000000e+00 -5.12029536e-01 -8.31177713e-01  2.68006097e+00 -1.78502535e+00
  9.20000000e+00 -4.84142590e-01 -8.47264515e-01  2.89153788e+00 -1.42870143e+00
  9.21000000e+00 -4.54198778e-01 -8.59751741e-01  3.09190351e+00 -1.06412269e+00
  9.22000000e+00 -4.22304519e-01 -8.68546969e-01  3.28196646e+00 -6.89196119e-01
  9.23000000e+00 -3.88559449e-01 -8.73535664e-01  3.46227522e+00 -3.01554296e-01
  9.24000000e+00 -3.53059015e-01 -8.74578055e-01  3.63311085e+00  1.01530815e-01
  9.25000000e+00 -3.15897232e-01 -8.71505047e-01  3.79445797e+00  5.23260738e-01
  9.26000000e+00 -2.77169855e-01 -8.64112840e-01  3.94594746e+00  9.67461681e-01
  9.27000000e+00 -2.36978283e-01 -8.52155814e-01  4.08675851e+00  1.43879162e+00
  9.28000000e+00 -1.95434685e-01 -8.35337008e-01  4.21545819e+00  1.94303064e+00
  9.29000000e+00 -1.52669119e-01 -8.13295201e-01  4.32974004e+00  2.48749811e+00
  9.30000000e+00 -1.08839884e-01 -7.85587046e-01  4.42599090e+00  3.08166864e+00
  9.31000000e+00 -6.41493012e-02 -7.51661828e-01  4.49855185e+00  3.73810857e+00
  9.32000000e+00 -1.88688475e-02 -7.10824874e-01  4.53840462e+00  4.47394785e+00
  9.33000000e+00  2.66187912e-02 -6.62182871e-01  4.53071158e+00  5.31327855e+00
  9.34000000e+00  7.17453841e-02 -6.04559303e-01  4.44989733e+00  6.29121758e+00
  9.35000000e+00  1.15616738e-01 -5.36358520e-01  4.24897056e+00  7.46103990e+00
  9.36000000e+00  1.56724795e-01 -4.55338505e-01  3.83377491e+00  8.90686961e+00
  9.37000000e+00  1.92292236e-01 -3.58221127e-01  2.99195356e+00  1.07638858e+01
  9.38000000e+00  2.16563866e-01 -2.40060789e-01  1.16225199e+00  1.32181863e+01
  9.39000000e+00  2.15537276e-01 -9.38574022e-02 -3.37735234e+00  1.60463296e+01
  9.40000000e+00  1.49016820e-01  8.08658033e-02 -1.26875695e+01  1.41970695e+01
  9.41000000e+00 -3.82141147e-02  1.90083989e-01 -1.76881748e+01  5.77394406e+00
  9.42000000e+00 -2.04746676e-01  1.96344685e-01 -1.48828379e+01 -1.07169770e+00
  9.43000000e+00 -3.35870873e-01  1.68650035e-01 -1.18635710e+01 -3.39654638e+00
  9.44000000e+00 -4.42018096e-01  1.28413757e-01 -9.72004727e+00 -4.28354605e+00
  9.45000000e+00 -5.30271818e-01  8.29791137e-02 -8.14839699e+00 -4.64940019e+00
  9.46000000e+00 -6.04986035e-01  3.54257530e-02 -6.93487301e+00 -4.78675438e+00
  9.47000000e+00 -6.68969278e-01 -1.27559739e-02 -5.95748470e+00 -4.80976672e+00
  9.48000000e+00 -7.24135730e-01 -6.07695814e-02 -5.14415220e+00 -4.77010109e+00
  9.49000000e+00 -7.71852322e-01 -1.08157996e-01 -4.44985361e+00 -4.69374749e+00
  9.50000000e+00 -8.13132802e-01 -1.54644531e-01 -3.84499975e+00 -4.59482243e+00
  9.51000000e+00 -8.48752317e-01 -2.00054444e-01 -3.30928626e+00 -4.48143705e+00
  9.52000000e+00 -8.79318527e-01 -2.44273272e-01 -2.82826637e+00 -4.35844625e+00
  9.53000000e+00 -9.05317645e-01 -2.87223369e-01 -2.39134235e+00 -4.22883845e+00
  9.54000000e+00 -9.27145374e-01 -3.28850041e-01 -1.99053506e+00 -4.09448216e+00
  9.55000000e+00 -9.45128346e-01 -3.69113012e-01 -1.61970050e+00 -3.95654749e+00
  9.56000000e+00 -9.59539384e-01 -4.07980991e-01 -1.27401408e+00 -3.81575394e+00
  9.57000000e+00 -9.70608627e-01 -4.45428091e-01 -9.49620913e-01 -3.67252091e+00
  9.58000000e+00 -9.78531802e-01 -4.81431409e-01 -6.43392623e-01 -3.52706173e+00
  9.59000000e+00 -9.83476480e-01 -5.15969326e-01 -3.52754271e-01 -3.37944334e+00
  9.60000000e+00 -9.85586888e-01 -5.49020276e-01 -7.55586588e-02 -3.22962484e+00
  9.61000000e+00 -9.84987653e-01 -5.80561822e-01  1.90006652e-01 -3.07748228e+00
  9.62000000e+00 -9.81786755e-01 -6.10569921e-01  4.45489281e-01 -2.92282442e+00
  9.63000000e+00 -9.76077867e-01 -6.39018311e-01  6.92225464e-01 -2.76540223e+00
  9.64000000e+00 -9.67942245e-01 -6.65877966e-01  9.31381474e-01 -2.60491394e+00
  9.65000000e+00 -9.57450238e-01 -6.91116590e-01  1.16398617e+00 -2.44100676e+00
  9.66000000e+00 -9.44662522e-01 -7.14698101e-01  1.39095694e+00 -2.27327572e+00
  9.67000000e+00 -9.29631099e-01 -7.36582104e-01  1.61312057e+00 -2.10126029e+00
  9.68000000e+00 -9.12400110e-01 -7.56723307e-01  1.83123040e+00 -1.92443853e+00
  9.69000000e+00 -8.93006491e-01 -7.75070875e-01  2.04598041e+00 -1.74221895e+00
  9.70000000e+00 -8.71480502e-01 -7.91567686e-01  2.25801707e+00 -1.55392955e+00
  9.71000000e+00 -8.47846150e-01 -8.06149466e-01  2.46794933e+00 -1.35880386e+00
  9.72000000e+00 -8.22121516e-01 -8.18743763e-01  2.67635712e+00 -1.15596288e+00
  9.73000000e+00 -7.94319007e-01 -8.29268723e-01  2.88379856e+00 -9.44392240e-01
  9.74000000e+00 -7.64445545e-01 -8.37631608e-01  3.09081594e+00 -7.22912877e-01
  9.75000000e+00 -7.32502689e-01 -8.43726981e-01  3.29794049e+00 -4.90143294e-01
  9.76000000e+00 -6.98486735e-01 -8.47434474e-01  3.50569554e+00 -2.44450458e-01
  9.77000000e+00 -6.62388778e-01 -8.48615990e-01  3.71459761e+00  1.61148150e-02
  9.78000000e+00 -6.24194783e-01 -8.47112177e-01  3.92515433e+00  2.93904055e-01
  9.79000000e+00 -5.83885691e-01 -8.42737909e-01  4.13785724e+00  5.91787927e-01
  9.80000000e+00 -5.41437638e-01 -8.35276419e-01  4.35316609e+00  9.13317239e-01
  9.81000000e+00 -4.96822370e-01 -8.24471564e-01  4.57147864e+00  1.26294936e+00
  9.82000000e+00 -4.50008065e-01 -8.10017432e-01  4.79307482e+00  1.64637383e+00
  9.83000000e+00 -4.00960873e-01 -7.91544088e-01  5.01801443e+00  2.07099259e+00
  9.84000000e+00 -3.49647776e-01 -7.68597580e-01  5.24594806e+00  2.54664948e+00
  9.85000000e+00 -2.96041912e-01 -7.40611098e-01  5.47575877e+00  3.08677597e+00
  9.86000000e+00 -2.40132601e-01 -7.06862060e-01  5.70485810e+00  3.71026297e+00
  9.87000000e+00 -1.81944750e-01 -6.66405839e-01  5.92773273e+00  4.44466271e+00
  9.88000000e+00 -1.21577947e-01 -6.17968806e-01  6.13274111e+00  5.33197070e+00
  9.89000000e+00 -5.92899278e-02 -5.59766425e-01  6.29441978e+00  6.43974814e+00
  9.90000000e+00  4.31044911e-03 -4.89173843e-01  6.35276974e+00  7.88406584e+00
  9.91000000e+00  6.77654670e-02 -4.02085108e-01  6.14819659e+00  9.87958016e+00
  9.92000000e+00  1.27274381e-01 -2.91582240e-01  5.17074186e+00  1.28375887e+01
  9.93000000e+00  1.71180304e-01 -1.45333333e-01  1.40643670e+00  1.71584607e+01
  9.94000000e+00  1.55403115e-01  5.15869737e-02 -8.56505421e+00  1.73725438e+01
  9.95000000e+00 -1.20779997e-04  2.02117544e-01 -1.55495021e+01  1.02211175e+01
  9.96000000e+00 -1.55586926e-01  2.56009324e-01 -1.44043540e+01  3.50965402e+00
  9.97000000e+00 -2.88207860e-01  2.72310624e-01 -1.23494798e+01  7.67855189e-01
  9.98000000e+00 -4.02576522e-01  2.71366428e-01 -1.07424532e+01 -5.62505462e-01
  9.99000000e+00 -5.03056925e-01  2.61060515e-01 -9.50260237e+00 -1.31364534e+00
  1.00000000e+01 -5.92628570e-01  2.45093521e-01 -8.51365101e+00 -1.78012334e+00
  1.00100000e+01 -6.73329945e-01  2.25458048e-01 -7.69890374e+00 -2.08785137e+00
