0.264561
0.529122
-0.0407668
0.223795
0.488357
0.752919
1.01748
0.447594
0.712157
0.976719
1.24128
1.50584
0.935957
1.20052
1.46509
1.72965
1.99422
2.25878
1.6889
1.95346
2.21803
2.48259
2.74716
2.17727
2.44184
2.7064
2.97096
3.23553
2.66564
2.9302
3.19477
3.45933
3.72389
3.15401
3.41857
3.68313
3.94769
4.21225
3.64236
3.90692
4.17149
4.43605
4.70061
4.96516
4.39527
4.65983
4.92439
5.18895
5.45351
4.88362
5.14817
5.41273
5.67728
5.94184
5.37194
5.63649
5.90104
6.16558
6.43013
5.86022
6.12476
6.3893
6.65384
6.91838
6.34847
6.61301
6.87754
7.14208
7.40661
6.83669
7.10122
7.36575
7.63027
7.89479
8.15932
7.58939
7.85391
8.11842
8.38294
8.64746
8.07752
8.34204
8.60655
8.87106
9.13558
8.56563
8.83014
9.09465
9.35915
9.62366
9.05371
9.31821
9.58271
9.8472
10.1117
9.54174
9.80623
10.0707
10.3352
10.5997
10.8642
10.2942
10.5587
10.8232
11.0877
11.3522
10.7822
11.0467
11.3111
11.5756
11.8401
11.2701
11.5346
11.7991
12.0635
12.328
11.758
12.0225
12.2869
12.5514
12.8159
12.2459
12.5103
12.7748
13.0393
13.3037
12.7337
12.9982
13.2626
13.5271
13.7915
14.056
13.486
13.7504
14.0149
14.2793
14.5438
13.9738
14.2382
14.5026
14.7671
15.0315
14.4615
14.7259
14.9904
15.2548
15.5192
14.9492
15.2136
15.4781
15.7425
16.0069
15.4369
15.7013
15.9657
16.2302
16.4946
16.759
16.189
16.4534
16.7178
16.9823
17.2467
16.6767
16.9411
17.2055
17.4699
17.7343
17.1643
17.4287
17.6932
17.9576
18.222
17.652
17.9164
18.1808
18.4452
18.7097
18.1396
18.4041
18.6685
18.9329
19.1973
19.4618
18.8917
19.1562
19.4206
19.685
19.9494
19.3794
19.6438
19.9083
20.1727
20.4371
19.8671
20.1315
20.3959
20.6604
20.9248
20.3548
20.6192
20.8836
21.1481
21.4125
20.8425
21.1069
21.3713
21.6358
21.9002
21.3302
21.5946
21.859
22.1235
22.3879
22.6523
22.0823
22.3467
22.6112
22.8756
23.14
22.57
22.8344
23.0989
23.3633
23.6277
23.0577
23.3221
23.5866
23.851
24.1154
23.5454
23.8098
24.0742
24.3387
24.6031
24.0331
24.2975
24.5619
24.8263
25.0908
25.3552
24.7852
25.0496
25.314
25.5784
25.8429
25.2728
25.5372
25.8017
26.0661
26.3305
25.7604
26.0249
26.2893
26.5537
26.8181
26.248
26.5124
26.7768
27.0412
27.3056
26.7356
27
27.2644
27.5288
27.7932
28.0576
27.4875
27.7519
28.0163
28.2807
28.5451
27.975
28.2394
28.5038
28.7681
29.0325
28.4624
28.7268
28.9912
29.2556
29.5199
28.9499
29.2142
29.4786
29.743
30.0073
29.4372
29.7016
29.966
30.2303
30.4947
29.9246
30.1889
30.4533
30.7177
30.982
31.2464
30.6762
30.9406
31.2049
31.4693
31.7336
31.1635
31.4278
31.6922
31.9565
32.2209
31.6507
31.9151
32.1794
32.4437
32.7081
32.1379
32.4023
32.6666
32.9309
33.1952
32.6251
32.8894
33.1537
33.4181
33.6824
33.9467
33.3765
33.6409
33.9052
34.1695
34.4338
33.8636
34.1279
34.3922
34.6565
34.9208
34.3507
34.615
34.8793
35.1436
35.4079
34.8377
35.102
35.3663
35.6305
35.8948
35.3247
35.5889
35.8532
36.1175
36.3818
36.646
36.0759
36.3401
36.6044
36.8687
37.133
36.5628
36.8271
37.0913
37.3556
37.6199
37.0497
37.314
37.5782
37.8425
38.1068
37.5366
37.8009
38.0651
38.3294
38.5937
38.0235
38.2878
38.552
38.8163
39.0806
39.3448
38.7747
39.0389
39.3032
39.5675
39.8317
39.2616
39.5258
39.7901
40.0544
40.3186
39.7485
40.0127
40.277
40.5413
40.8055
40.2354
40.4996
40.7639
41.0282
41.2925
40.7223
40.9866
41.2508
41.5151
41.7794
41.2092
41.4735
41.7378
42.002
42.2663
42.5306
41.9604
42.2247
42.489
42.7532
43.0175
42.4474
42.7116
42.9759
