0.026359
0.0672819
0.0936408
0.12
0.146359
0.187281
0.21364
0.239998
0.266357
0.307279
0.333637
0.359995
0.386352
0.427274
0.453631
0.479988
0.506345
0.547265
0.573622
0.599978
0.626333
0.667252
0.693607
0.719962
0.746316
0.787234
0.813587
0.83994
0.866293
0.907209
0.93356
0.959912
1.00083
1.02718
1.05353
1.07987
1.12079
1.14713
1.17348
1.19983
1.24074
1.26708
1.29343
1.31977
1.36068
1.38702
1.41336
1.43971
1.48061
1.50695
1.53329
1.55963
1.60053
1.62686
1.6532
1.67953
1.72043
1.74676
1.7731
1.81399
1.84032
1.86665
1.89298
1.93387
1.9602
1.98652
2.01285
2.05373
2.08005
2.10637
2.13269
2.17358
2.19989
2.22621
2.25253
2.2934
2.31972
2.34603
2.37234
2.41321
2.43952
2.46583
2.5067
2.533
2.5593
2.5856
2.62647
2.65277
2.67906
2.70536
2.74622
2.77251
2.7988
2.82509
2.86594
2.89223
2.91852
2.9448
2.98565
3.01193
3.03821
3.06449
3.10533
3.1316
3.15787
3.19871
3.22498
3.25125
3.27751
3.31834
3.34461
3.37087
3.39713
3.43795
3.4642
3.49046
3.51671
3.55753
3.58377
3.61002
3.65083
3.67707
3.70331
3.72955
3.77035
3.79659
3.82282
3.84906
3.88985
3.91608
3.9423
3.96852
4.00931
4.03553
4.06175
4.10253
4.12874
4.15495
4.18116
4.22193
4.24813
4.27434
4.30054
4.3413
4.36749
4.39369
4.41988
4.46063
4.48682
4.513
4.55375
4.57993
4.6061
4.63228
4.67301
4.69918
4.72535
4.75152
4.79224
4.8184
4.84456
4.88528
4.91143
4.93758
4.96373
5.00444
5.03058
5.05673
5.08286
5.12356
5.14969
5.17582
5.21651
5.24264
5.26876
5.29488
5.33556
5.36167
5.38778
5.41389
5.45456
5.48066
5.50676
5.54743
5.57352
5.59961
5.6257
5.66635
5.69243
5.71851
5.75915
5.78523
5.8113
5.83737
5.87799
5.90406
5.93012
5.95617
5.99679
6.02284
6.04889
6.08949
6.11553
6.14157
6.16761
6.2082
6.23423
6.26026
6.30084
6.32686
6.35287
6.37889
6.41946
6.44547
6.47147
6.51203
6.53803
6.56402
6.59001
6.63056
6.65654
6.68252
6.70849
6.74903
6.775
6.80096
6.84149
6.86745
6.8934
6.91935
6.95986
6.98581
7.01175
7.05225
7.07818
7.10411
7.13004
7.17052
7.19644
7.22236
7.26283
7.28874
7.31464
7.35511
7.381
7.4069
7.43279
7.47323
7.49912
7.52499
7.56543
7.5913
7.61717
7.64303
7.68345
7.7093
7.73515
7.77556
7.80141
7.82724
7.85308
7.89347
7.9193
7.94512
7.9855
8.01131
8.03712
8.07749
8.10329
8.12909
8.15488
8.19524
8.22102
8.2468
8.28714
8.31291
8.33868
8.37901
8.40477
8.43052
8.45627
8.49658
8.52232
8.54806
8.58836
8.61409
8.63981
8.68009
8.70581
8.73152
8.75723
8.79749
8.82319
8.84888
8.88913
8.91482
8.9405
8.98074
9.00641
9.03207
9.05773
9.09795
9.1236
9.14925
9.18946
9.21509
9.24073
9.28092
9.30654
9.33216
9.37234
9.39795
9.42355
9.44915
9.48931
9.5149
9.54048
9.58062
9.6062
9.63177
9.6719
9.69746
9.72301
9.76313
9.78867
9.81421
9.85431
9.87984
9.90536
9.93088
9.97096
9.99647
10.022
10.062
10.0875
10.113
10.1531
10.1785
10.204
10.2441
10.2695
10.295
10.335
10.3604
10.3859
10.4259
10.4513
10.4767
10.5167
10.5421
10.5675
10.6075
10.6329
10.6583
10.6837
10.7236
10.749
10.7744
10.8143
10.8397
10.865
10.9049
10.9303
10.9556
10.9955
11.0209
11.0462
11.0861
11.1114
11.1367
11.1765
11.2018
11.2271
11.267
11.2922
11.3175
11.3573
11.3826
11.4078
11.4477
11.4729
11.4981
11.5379
11.5632
11.5884
11.6281
11.6534
11.6785
11.7183
11.7435
11.7687
11.8084
11.8336
11.8588
11.8985
11.9236
11.9488
11.9885
12.0136
12.0387
12.0784
12.1035
12.1432
12.1683
12.1934
12.2331
12.2581
12.2832
12.3229
12.3479
12.373
12.4126
12.4376
12.4627
12.5023
